2.602152534940980200e+00
2.545200912831564022e+00
2.258229402684424070e+00
2.896884291041515347e+00
3.018537061737619709e+00
2.765574427254194223e+00
2.868578698756834466e+00
2.903463022072525934e+00
2.740962433779560836e+00
2.574437173911451548e+00
3.080687637294281966e+00
2.608258213767121525e+00
2.924432694640129338e+00
2.923639846813809839e+00
2.644284709831873581e+00
2.744006101689073773e+00
2.652308687313790880e+00
3.064985193248523920e+00
2.339710464608560248e+00
1.953694276397034635e+00
2.018683730198161275e+00
2.093741375911766678e+00
2.081318902341181332e+00
2.141817242673738964e+00
2.081319064798113239e+00
1.664156238616689487e+00
1.231436757862792497e+00
1.527623249121616844e+00
1.520034966027121293e+00
1.520575900238261946e+00
1.752513587951737062e+00
9.924422636309450096e-01
1.412102031719600914e+00
1.492105589169323565e+00
1.458273410085080046e+00
1.264778264149278630e+00
1.537629071995489261e+00
1.183920816378750240e+00
1.567670851127934695e+00
1.244886354527672934e+00
1.407455332621474486e+00
1.453375362169521123e+00
1.085485620187780498e+00
1.314307419629878515e+00
1.572702673780722371e+00
1.703743568008554643e+00
1.332467379975661892e+00
1.374553451263377912e+00
1.458765168138666191e+00
1.100264167917280878e+00
1.174614557605602849e+00
9.450401989779106948e-01
1.430760978153536200e+00
1.187334813946463896e+00
1.129416823381456103e+00
1.119815877340155641e+00
1.169532581653536907e+00
1.245939980938119529e+00
7.949120972618001213e-01
1.149173942335376841e+00
9.186204865131247788e-01
1.418822099492423217e+00
1.175578917773702825e+00
1.319928211050814815e+00
1.209654975704094193e+00
1.543324118111103926e+00
8.441608649352226879e-01
1.325129128332812378e+00
1.191470438222298700e+00
1.033606417707512382e+00
8.480194380837676738e-01
1.660804049523725512e+00
1.319432564000585506e+00
1.300530765394814159e+00
1.347244378127352205e+00
1.437653107139120978e+00
1.202862304021929285e+00
1.020451285660727292e+00
1.152647023441994545e+00
1.178925097487294904e+00
1.116231800465202539e+00
1.338838161522601267e+00
1.396425814599352888e+00
1.272013018689406305e+00
8.960471195713078929e-01
1.283238177630586119e+00
1.141097815613111965e+00
1.616549960712607703e+00
3.039946896511031671e+00
7.880714219434622470e-01
2.896604680464013093e+00
1.930319225696367713e+00
3.059593943186790899e+00
2.882970145308773269e+00
1.620624464121567243e+00
2.970081789619151369e+00
1.098884797132531732e+00
2.837879397537411030e+00
1.253737658897457807e+00
2.970082084479941820e+00
2.760308014565090229e+00
2.804210791275870474e+00
2.730157136170356935e+00
2.540172024396190054e+00
2.708638128382941712e+00
2.867997547857073393e+00
2.722089220013512723e+00
3.096557270666808748e+00
2.387102774976461284e+00
2.850176941489939164e+00
2.612836414897253157e+00
2.588940429792998987e+00
3.085944154048382515e+00
2.757870956967555465e+00
2.296364560120019771e+00
3.019405522282314180e+00
2.818298492442684822e+00
2.748129515989192750e+00
2.931001636481297634e+00
1.886982713626619068e+00
1.848827688266668989e+00
1.815564385059488473e+00
2.200365261447812415e+00
1.953694159759221449e+00
1.991551571946441390e+00
1.924057651889245157e+00
1.670409574319206669e+00
1.886090800927975097e+00
2.055479726507975613e+00
1.555949154848803362e+00
1.647029914900623560e+00
1.829600811040166031e+00
1.582605764627806222e+00
1.801548510744231502e+00
1.741740442144658729e+00
1.808624556842974185e+00
1.741738080132740674e+00
1.539742336843253456e+00
1.779982279791270994e+00
1.441170460294684430e+00
1.582230756810749206e+00
1.749486558333837483e+00
1.592734937611446577e+00
1.495201404597026551e+00
1.685950013079139609e+00
1.586421351634829557e+00
1.620807956905201630e+00
1.768070244203647112e+00
1.702552292569901038e+00
1.853655614366581883e+00
1.779985682468251174e+00
1.495214383600237174e+00
1.441180520756456751e+00
1.702565797333837061e+00
1.853654949407604891e+00
1.441180356292004472e+00
1.270768371894340554e+00
1.270699527182821198e+00
1.527658387567663256e+00
1.426825949723660614e+00
1.380042216888915485e+00
1.638301047263832855e+00
1.495218241344310250e+00
1.514443475392985405e+00
1.600729762655003663e+00
1.534224941548309129e+00
1.356768412826913073e+00
1.415200350159158793e+00
1.250335670542191524e+00
1.615772765895284735e+00
1.078281667482428485e+00
1.136684471891129977e+00
1.638179196728619447e+00
1.150526009942550498e+00
1.466746012945332467e+00
1.374110174663207617e+00
1.188093208918554744e+00
1.499254567583552911e+00
1.098421526114630620e+00
1.295411952264916566e+00
1.471644355513862079e+00
1.301569953329966500e+00
1.142444596627916642e+00
1.263062713311623231e+00
1.281057608689597949e+00
1.296791405649910134e+00
1.536871979741024630e+00
1.552487824775535152e+00
1.515952087525277214e+00
1.233629219448696857e+00
1.186617742010201537e+00
1.290976142353970069e+00
1.237524552801300137e+00
1.319189140431824336e+00
1.737071484338298832e+00
1.689889227920385650e+00
1.432512349320909095e+00
1.540761837302482729e+00
1.313099874173009551e+00
1.761976923729757782e+00
2.727125175271514657e+00
2.768580264310772421e+00
2.711901536899723464e+00
2.724132192464066460e+00
2.752830906324602811e+00
2.696805163844446795e+00
2.781985631795354408e+00
2.629283265455932384e+00
2.685204213537086826e+00
3.090003507566613017e+00
2.742887078635652731e+00
3.109457178033933733e+00
2.606565200191775400e+00
2.920210322434928063e+00
2.903397899663274995e+00
2.814697972145400406e+00
2.771260861948027454e+00
2.687545510082259614e+00
2.506857964895711000e+00
2.233883018980837409e+00
2.236647667435690323e+00
2.372956829489959230e+00
2.008055613769647252e+00
1.579412566003597806e+00
2.018683887159065105e+00
1.815564053223452268e+00
1.667139891736011403e+00
1.620809468833143363e+00
1.779971626360286052e+00
1.744712982934003787e+00
1.964881924237138477e+00
1.623769125426932192e+00
1.836531545091506956e+00
1.379890485311144888e+00
1.554154730219764691e+00
1.655932995823621967e+00
1.535896501766600863e+00
1.430946050384376500e+00
1.603802283577362209e+00
1.453751254210312593e+00
1.677549254865471351e+00
1.733839475776328687e+00
1.822968138750742151e+00
1.236674716949539787e+00
1.407334984615023155e+00
1.231368703250797392e+00
1.231636454147950088e+00
1.610718731616127553e+00
1.221558822326020310e+00
1.405968568648427564e+00
1.594664181695167660e+00
1.655937471741532496e+00
1.525931224573653378e+00
1.498427657975636373e+00
1.489733707530143114e+00
1.363944499589144987e+00
1.475134518747903023e+00
1.735475831207615061e+00
1.515528665212574566e+00
1.574188693754969615e+00
1.395384157669898428e+00
1.502087771579516673e+00
1.524915459801027495e+00
1.682663490659366490e+00
1.459330546002812090e+00
1.612185063549331776e+00
1.620740405791919247e+00
1.529338637432033909e+00
1.353282677781361132e+00
1.766624779193285422e+00
1.523438585066076545e+00
1.900366067300343520e+00
1.571780183635021144e+00
1.597839648290116266e+00
1.614179885783259660e+00
1.500214068228308717e+00
1.493072676799115595e+00
1.194187247059682822e+00
1.235613278034631390e+00
1.320845543765184260e+00
1.502951276965630356e+00
1.511416918667990661e+00
1.515302107387090924e+00
1.298407529806696159e+00
1.617917435251591041e+00
5.877603342984600854e-01
1.262926473586066578e+00
1.379724352971675394e+00
1.419009007071084572e+00
2.935339673671514049e+00
1.206201491619269817e+00
8.826801149808608526e-01
8.047435773932358760e-01
6.328146724084046104e-01
8.221326445889404200e-01
8.063208339830895133e-01
1.094566465960748580e+00
9.494977389503715948e-01
1.109557625899830535e+00
1.011245583217290411e+00
2.701550500828236334e+00
2.620252264698072597e+00
3.215981290603516118e+00
2.690834966743382406e+00
2.589832196413592857e+00
2.854421315705046869e+00
2.291415596994719639e+00
2.539920012297653962e+00
2.552243430020729065e+00
3.037535361751614538e+00
2.927732041413620756e+00
2.760281821820022241e+00
2.468979089494858670e+00
2.479913294280499336e+00
2.836039229950464424e+00
3.047266239801575072e+00
2.587513460838833268e+00
3.126679588210580452e+00
2.884726242343175873e+00
2.016238856290875958e+00
1.949066016633660414e+00
1.726019666955995957e+00
1.815564543946291076e+00
1.829216205457234734e+00
1.953693884353378207e+00
1.889098726059501576e+00
1.528134270780399762e+00
1.824649448673082208e+00
1.724199284081230354e+00
1.690476519921508158e+00
1.703842265074422269e+00
1.686889193169897272e+00
1.783776827600256576e+00
1.896266952363328651e+00
1.441169723095122590e+00
1.485272886102678935e+00
1.724328648178832024e+00
1.620815899451920616e+00
1.805270218309601660e+00
1.595015003720673619e+00
1.645282050838033694e+00
1.731501912932773113e+00
1.735001301451183142e+00
1.669460338859978688e+00
1.707211137691567959e+00
1.537765644937891141e+00
1.534013916360240204e+00
1.823336531228123780e+00
1.566967722491326542e+00
1.582230535013106953e+00
1.536322776687801595e+00
1.604152370112432502e+00
1.704480492541988079e+00
1.580058595620313033e+00
1.550638619248709382e+00
1.591829694123070738e+00
1.687009936605941451e+00
1.728437654493539366e+00
1.551999219254398543e+00
1.664121222563828217e+00
1.463338457394000258e+00
1.586935673347238840e+00
1.435758176191064495e+00
1.717135710946640970e+00
1.520124066846197275e+00
1.198143491969120955e+00
1.578197435494714584e+00
1.608087800962946234e+00
1.040875935263036567e+00
1.650597898366562566e+00
9.776450608392229791e-01
1.083628303682421024e+00
1.693929636751450918e+00
1.628108211349030832e+00
1.703479423109988788e+00
1.407136841082400336e+00
1.301569898370040779e+00
1.130574613910031223e+00
1.703483295275224796e+00
1.238218645643729410e+00
1.319720002221388855e+00
1.524313993477372398e+00
1.301569637547174363e+00
1.441331030412154268e+00
1.189021651611606334e+00
1.379816556445494724e+00
8.468914710435284654e-01
1.546523385652813776e+00
1.051541473553607497e+00
1.658919179469687366e+00
1.582230949366240980e+00
1.495214321480137887e+00
6.773447750803527345e-01
1.012395997611410081e+00
8.470304345314095817e-01
4.875888343950848802e-01
1.536057431384203031e+00
3.153061607482469331e+00
1.084442591588886007e+00
2.960139694409095856e+00
2.519331884697312507e+00
2.951741628893874925e+00
2.814729044529953761e+00
2.635221516225791927e+00
2.657689083476187264e+00
2.993693300743187180e+00
2.678364610657566924e+00
2.364354381656632142e+00
2.614869526352491924e+00
2.849089536933160804e+00
2.569512114516070866e+00
2.866400040380849390e+00
2.616241366576586458e+00
2.588635832241249268e+00
2.610180273282824537e+00
3.028352927823611651e+00
3.030936633469311747e+00
3.094451509264835032e+00
2.826180464684209692e+00
1.967093795122470068e+00
1.953693562625427038e+00
1.702548191928223487e+00
1.953694068558323949e+00
1.886089941383393143e+00
1.991565069089150652e+00
1.655961669896448551e+00
1.886090646113826708e+00
1.693163894861192009e+00
1.802410773204287109e+00
1.883401438905423664e+00
1.745737780403751715e+00
1.810180443976362241e+00
1.914688143753655591e+00
2.167177359099701217e+00
1.621366845959301362e+00
1.638610457413087973e+00
1.921984521852756922e+00
1.702548170987669085e+00
1.467284751329450687e+00
1.857315189469257222e+00
1.858657623613712007e+00
1.424182755782211096e+00
1.545079355010236410e+00
1.517643329146745712e+00
1.534274679509730177e+00
2.039341566420337148e+00
1.435496943939449155e+00
1.550833875768412584e+00
1.669991806303995574e+00
1.795061556198790154e+00
1.664156780626767862e+00
1.582230769611466581e+00
1.896265062239005372e+00
1.573535679041453417e+00
1.848331623049964678e+00
1.459294562299340514e+00
1.702548210524137628e+00
1.620809118995062859e+00
1.961564069323123771e+00
1.413530808093790281e+00
1.574705980367492097e+00
1.632484705260062174e+00
1.490920060133996694e+00
1.330589663842077330e+00
1.523171696444694856e+00
1.693421014564737037e+00
2.122176219857668134e+00
1.788631222624178063e+00
1.441405257433795883e+00
1.284875587357547033e+00
1.347030423352696404e+00
1.306019271149254424e+00
1.370567236963210034e+00
1.517921851345897188e+00
1.152497175431245635e+00
1.191621264000436886e+00
1.447571686793524881e+00
1.181044984560028377e+00
1.402114278968678907e+00
1.193600275691365731e+00
1.733924938284758355e+00
1.363278469660714975e+00
1.493702282391098812e+00
1.109641586247412937e+00
1.072324666357571399e+00
1.084361114334226883e+00
9.731505676107746750e-01
1.340825930688760659e+00
1.043230553062868493e+00
1.407721828113462248e+00
9.494882708523232351e-01
1.149392730221151515e+00
1.298346506890604601e+00
1.361945816807667242e+00
1.337505293449657851e+00
1.331798462073282341e+00
1.323658728660939365e+00
1.882791245694390048e+00
1.298411998332901662e+00
1.136263332219562106e+00
