2.377449274885605757e+00
3.080185040575399658e+00
3.223391737328334283e+00
2.985856351260245400e+00
3.348854222116141255e+00
3.394513742264031020e+00
3.044368293421068739e+00
3.086742491102928643e+00
3.661593886886229221e+00
2.496637078073549176e+00
3.179857260532850116e+00
3.145381701394255547e+00
3.362271004962801957e+00
2.911098900273016543e+00
3.022255051003392534e+00
3.041524659649574858e+00
3.103731206011835386e+00
3.563722788777516470e+00
3.292624269528160230e+00
2.689648940479769212e+00
2.701363677975945787e+00
2.768518892209907101e+00
3.573386547664339385e+00
3.204024377439711468e+00
3.209339833909354400e+00
3.308608094507943687e+00
3.481260215036735328e+00
2.996369717867915838e+00
3.471497091688550807e+00
3.262363348203897395e+00
3.442195153793608853e+00
3.279864523545760413e+00
3.322375412182679622e+00
3.200196000850133782e+00
2.580022553482661074e+00
3.546137459271937686e+00
3.249283216085777859e+00
2.803249155243805912e+00
2.867325276934868050e+00
3.042609516978509454e+00
2.805261093733305788e+00
3.646739618971665209e+00
3.169495023479417029e+00
2.749134986902066480e+00
3.051160617116524865e+00
2.695250593487332758e+00
3.043169387837530326e+00
2.835470884483354048e+00
3.042507341617103123e+00
3.427309647177647633e+00
2.401460461568968530e+00
3.302396780993628767e+00
3.054156932437158467e+00
3.076158970522924641e+00
3.160588635532399771e+00
3.952173401606612124e+00
2.984090163291430731e+00
3.304092611099159082e+00
3.137080250469028719e+00
3.373869929704538695e+00
3.558651448440305565e+00
3.039352996841609755e+00
3.415406133094420316e+00
2.862845910104772074e+00
2.966399752257453226e+00
3.294937197792882078e+00
2.789042619080660756e+00
2.513720978670843209e+00
3.227760090421241568e+00
3.319561944738893100e+00
3.289111509473691797e+00
3.540284252567512002e+00
3.199303768148225480e+00
3.251492969245702636e+00
2.579561046426973814e+00
3.365584642543133942e+00
2.530123268927970681e+00
3.714055372292239365e+00
3.069620264239018681e+00
2.497032461471599962e+00
3.286622564408753888e+00
3.439167021995260587e+00
2.933064098972247180e+00
3.068392274567908196e+00
3.036851755638970474e+00
3.496026656072826810e+00
2.877183078415476825e+00
3.503903697273476503e+00
2.088206715614456144e+00
3.188138693368312904e+00
3.129580726815416991e+00
2.939085554448651383e+00
2.999185172497015550e+00
3.177124190686206440e+00
3.461957070583266738e+00
3.656176795401003154e+00
3.208822813439915045e+00
2.874036461061504344e+00
2.811954292864922156e+00
3.102857373011024489e+00
3.478202383266444375e+00
3.084441583351675398e+00
3.117129626282774790e+00
3.540826759282697633e+00
2.781878002618429324e+00
3.270236066101424921e+00
3.521234940057166973e+00
2.911379056033650325e+00
3.412630562365988052e+00
3.314203018059793671e+00
3.298891829963824573e+00
3.317995603678018490e+00
3.076700722474124738e+00
2.515662719032009331e+00
2.965831127084584740e+00
2.872144272711249169e+00
3.227539817896956542e+00
3.040999195670145205e+00
3.047471789860668245e+00
3.144479324264639608e+00
3.394344201309906772e+00
2.980392175335596416e+00
2.600298227899434433e+00
2.960212031492414742e+00
3.184031230493476805e+00
2.796862693181517034e+00
3.423260864205702525e+00
3.765242708398124805e+00
3.191868320454775088e+00
2.700752892523336168e+00
2.833091288997243939e+00
2.807307927979398876e+00
3.129038679416515478e+00
2.632836718940505083e+00
3.559429952865849955e+00
3.449378692271096281e+00
3.324206124021199305e+00
3.103622963941167434e+00
2.974961255447758468e+00
2.955603616541710110e+00
3.371123038778630399e+00
3.316461547417057787e+00
3.486309342497652342e+00
3.087664215097494669e+00
3.795362737295776334e+00
3.297140574580222694e+00
3.077594829987260194e+00
2.850073833493069309e+00
3.489309503342645336e+00
2.615200180128819607e+00
3.082832911316992774e+00
2.948723268601491476e+00
2.622315224258279454e+00
2.160034575372738797e+00
2.472934355633788162e+00
2.820593675679040402e+00
2.721944495687455667e+00
3.406447488084667352e+00
3.009312574009091801e+00
3.159485204424610671e+00
3.380252716679207570e+00
2.273428367862894817e+00
3.429625288549850382e+00
3.259330021806051914e+00
3.324522078701865446e+00
3.173578778998185079e+00
2.538840420879625803e+00
2.543905033760078371e+00
3.450985804932767298e+00
3.166834915673827577e+00
3.059796819724911909e+00
3.617123822318804471e+00
3.123241007398713798e+00
2.543103099793496025e+00
3.464822561303489756e+00
2.945053835345984528e+00
2.949788453705261659e+00
3.062695636261084875e+00
2.948441196724489011e+00
3.170522366046875984e+00
2.771591617011104347e+00
3.396022902031234025e+00
2.645876308488329443e+00
2.784153664687077701e+00
3.375565181617641741e+00
3.358475773054339086e+00
3.575015478827844984e+00
3.635762377117820687e+00
2.882285157916697926e+00
2.824148386294478730e+00
2.863358365200431965e+00
2.885017506062535375e+00
3.370840145263292786e+00
2.652245720268828766e+00
3.145753318862414272e+00
3.303862983535974962e+00
1.897963550364000440e+00
2.872066109382753751e+00
2.751915055708527458e+00
2.771742188177184651e+00
3.657048829450347593e+00
2.892950788527550721e+00
2.925366057408001819e+00
3.222606461510602927e+00
3.293679164069438059e+00
3.195129947062679943e+00
2.717588063623762373e+00
3.307041123642409541e+00
3.362696620764161537e+00
3.051635077501837490e+00
3.438678606629772982e+00
2.892136216956215922e+00
2.777059686824905338e+00
3.459161842406807796e+00
3.187353407170609110e+00
2.977382728460720163e+00
3.258852451356441637e+00
3.431600002060647636e+00
3.137734576672412956e+00
2.957771278485439304e+00
2.955801784421800527e+00
3.571544782653138572e+00
2.850584946226349725e+00
3.214221146464290690e+00
3.121472188472031117e+00
2.703061792759020587e+00
3.546292304443387167e+00
2.910739997697312731e+00
3.238063651230621787e+00
3.161512124049802086e+00
3.443549710284724341e+00
3.098801851665361262e+00
2.913426386942212343e+00
3.085940086137070715e+00
3.075702539755352127e+00
3.489007997702294972e+00
2.965960992604801838e+00
2.461895700672473986e+00
3.433155664382152139e+00
3.069148193310577977e+00
2.897859502537092791e+00
3.445657578337873783e+00
3.179038033508318151e+00
3.490067317397990365e+00
3.009743056204016387e+00
3.455255528638732088e+00
2.797788513334253935e+00
3.235416177628025469e+00
2.873118634664745930e+00
2.940675776483811621e+00
3.109496778405905548e+00
2.918612957133726926e+00
2.611397064448874428e+00
3.492083105936843346e+00
2.833814569703088981e+00
3.246466950884063785e+00
3.434130987689139047e+00
2.609992551352124046e+00
3.566115643297649296e+00
3.360569598356780929e+00
3.023957260225160315e+00
3.227023709131477514e+00
3.628572737218744404e+00
3.148779426067130238e+00
3.010295291993842159e+00
2.542892403064794582e+00
2.886821581969023942e+00
3.245646834520238500e+00
2.888383150818597311e+00
2.949323081634902532e+00
2.891305891348368018e+00
3.114899924902277739e+00
3.177119203450730289e+00
2.906653965141734908e+00
2.900652090662694693e+00
3.511192790279698883e+00
3.519869065116054685e+00
2.990181410251342875e+00
3.075702819331206594e+00
3.418644559657518123e+00
3.099359128165884325e+00
3.333879106836397099e+00
2.787400344483803583e+00
3.168203592810609148e+00
3.156133077827640410e+00
2.392821624786096724e+00
2.699166685350950168e+00
3.308380019419351115e+00
3.284759386968942874e+00
3.009478996258528216e+00
3.351869258218532988e+00
2.472965618846191482e+00
3.074677548115619885e+00
2.997334667359816684e+00
3.120350032281469232e+00
2.935546270770196031e+00
2.788698769999883087e+00
3.331195219059186030e+00
2.762037713320340870e+00
2.636335177473559721e+00
2.934371405976553326e+00
3.089161374562399587e+00
3.668628277661214465e+00
3.167690156689279224e+00
3.211923305260798944e+00
2.569110857659578251e+00
3.288129927681211928e+00
3.323627963107708361e+00
2.633024255632269384e+00
2.744301310949612827e+00
2.991323465409904792e+00
3.467856182228992612e+00
3.536247365438247581e+00
2.875286444493928339e+00
3.613511754584870506e+00
3.550868486491440823e+00
2.914309947677803159e+00
3.249187432218566762e+00
3.133709650226770727e+00
3.299063745493575617e+00
3.482873002036126042e+00
3.221332516959111825e+00
3.477291651159089447e+00
2.684748104109234479e+00
3.567188457951142588e+00
3.376525362469094294e+00
2.793497800866744374e+00
3.497866239920046194e+00
2.498749300025871367e+00
2.864624986756764358e+00
3.374717362610185400e+00
3.035804066140533219e+00
3.131829509183135407e+00
2.838994485711758387e+00
3.443067826319129221e+00
2.685125568811537633e+00
2.433944532105940084e+00
3.255575286627850673e+00
3.234008199686229990e+00
3.708086568823837137e+00
2.815549602660020856e+00
3.492271780177055085e+00
2.945305520980916469e+00
2.934469012575142255e+00
3.436116135617329981e+00
3.371889077387780986e+00
3.403723138921903146e+00
2.940686874407288265e+00
3.340845023186886475e+00
3.238101693059579400e+00
2.690458394256785013e+00
3.331532424766254330e+00
3.054737005731105182e+00
3.239862899307792699e+00
3.473984244600674121e+00
3.245325467213502346e+00
3.112112155113484935e+00
2.851320038155285452e+00
3.193379702290616073e+00
3.203054848288681811e+00
2.937771331406497932e+00
3.027555090513569525e+00
2.976410159050946191e+00
3.235424273577338639e+00
2.995616164416679883e+00
3.073710961543997033e+00
3.344137995549772757e+00
3.040067973048635963e+00
3.190258260156308534e+00
2.702437459037559719e+00
2.952393352694543172e+00
2.768961902092888838e+00
2.956830294904029266e+00
2.900203127751300070e+00
2.859389112132596722e+00
2.519969594749008390e+00
3.420798490405349668e+00
3.259533524919539182e+00
3.522281876349640406e+00
3.540076522477224152e+00
2.940169051746777562e+00
3.366967995075845099e+00
2.994769406724373972e+00
2.170488638403332615e+00
3.055585633134875412e+00
3.160796957812117114e+00
3.148869823308743765e+00
3.439802802616016564e+00
3.067259429101517831e+00
3.088829390560034138e+00
3.138369019519336778e+00
3.475959646885576682e+00
3.143561983023012818e+00
3.177810946591518970e+00
3.254192600059547136e+00
3.605380656265589234e+00
3.418517867914391939e+00
3.446929843703602447e+00
3.007501258755405527e+00
3.329777455361827787e+00
3.268746355583401542e+00
2.932774431596062215e+00
2.737940025548701417e+00
2.874378476291440609e+00
2.691340545713426291e+00
3.513583791116100308e+00
3.090585234799115177e+00
3.246037534419003556e+00
3.186817939099133579e+00
3.754142335643035011e+00
2.760943125310586499e+00
3.103582233556695158e+00
3.030275034050943450e+00
3.304257361691362416e+00
2.901322890203105853e+00
2.995558304791241078e+00
3.109471928774702576e+00
2.741641868879544752e+00
2.812097424552920444e+00
2.315050577533420029e+00
3.245620032610238681e+00
3.458303606781798489e+00
3.078523109678405145e+00
3.822169157973644094e+00
3.219482177392831712e+00
3.416820224769620218e+00
3.407104326907550718e+00
2.906519904602135718e+00
3.242450858974347483e+00
3.294194718279993328e+00
2.752416535428758415e+00
3.460816547645209518e+00
3.214559645519555975e+00
3.108353677394332770e+00
3.097240115895765200e+00
3.109976530376968196e+00
3.352477525516423196e+00
3.226217675929846873e+00
2.872060704057660896e+00
3.170594156861150203e+00
3.121457536781733211e+00
3.231530448709746484e+00
3.419992449136470825e+00
3.050951001668809504e+00
3.227164878295597727e+00
2.664964759503044345e+00
3.442589278406950726e+00
2.948609684945264764e+00
3.211945804552387429e+00
3.024678502867736096e+00
3.438787255270755239e+00
3.245781286344348704e+00
3.405530394099177904e+00
2.897165021503547599e+00
2.915534006994847882e+00
3.418834365261655961e+00
2.747520700271504968e+00
3.145428098388970639e+00
3.558405677369102182e+00
3.181706392865390587e+00
2.854741108272161210e+00
3.511299707789381053e+00
3.088374286499470323e+00
3.164032957802058732e+00
2.603115983445547066e+00
3.497288378399741493e+00
3.159023486656369339e+00
2.524355172111028889e+00
3.265512703906823244e+00
3.077357874914092850e+00
3.007553390769785118e+00
3.128856169474175886e+00
3.533397582184893526e+00
3.045663450343328638e+00
3.240596405842956607e+00
2.756625951846054523e+00
2.863176353580281663e+00
3.316099559098856897e+00
2.622256593483163645e+00
3.050371125528216876e+00
3.415427778167513306e+00
2.745844666610461893e+00
3.024594968850550014e+00
2.995336741233630473e+00
3.296530708301523838e+00
3.262636312254493021e+00
3.104779841831512677e+00
2.850547130099137405e+00
3.300881394825212034e+00
2.608890300915073901e+00
3.704178519865453101e+00
3.272295641720678105e+00
2.552195756228056833e+00
3.359725739522667176e+00
3.374968663011054026e+00
3.127508363569764249e+00
3.183536559132923660e+00
3.533640545344931105e+00
2.788265621411674555e+00
3.427923969953473815e+00
3.314169295610796429e+00
3.380739355359074327e+00
3.322660898375249694e+00
3.236238821449360703e+00
3.552333380738871504e+00
3.261164792603531204e+00
2.898424893699247828e+00
3.501007817858250437e+00
3.500014168870265507e+00
3.312643105480642003e+00
3.210021109065805955e+00
3.478958943356160294e+00
3.071956949938036363e+00
3.075110909949194227e+00
3.394791207403178301e+00
3.214123061332272435e+00
3.083172820751203691e+00
3.209231401478358503e+00
2.984246839659209893e+00
2.838037768834996921e+00
3.229801149104829960e+00
2.868033105712096020e+00
3.155990817638876678e+00
2.485560016879544420e+00
2.846902148755143358e+00
2.993824171125918809e+00
2.825311816908628426e+00
3.192705034159179611e+00
2.651867792709952099e+00
2.823258033337257444e+00
3.460603083332894236e+00
2.995146105210059861e+00
3.954069710840825813e+00
3.363318784888416957e+00
3.543346442294355914e+00
2.837968795440829251e+00
2.488220979901587526e+00
3.165654527018220588e+00
3.532393052261443511e+00
3.354435085057727139e+00
3.442440432388945037e+00
3.765937493769326405e+00
3.041803062234557320e+00
3.061842136260052527e+00
3.396790229988322807e+00
3.270614060560206759e+00
2.934787947932116836e+00
2.594140344485618144e+00
3.477717509343595914e+00
3.271415931774826813e+00
3.363434685773741606e+00
3.013188000033496738e+00
2.939304765673325992e+00
3.244520796157927212e+00
3.275602032493209137e+00
3.190153125944640511e+00
3.431801599542831482e+00
3.360730219933408591e+00
3.236822644920140490e+00
3.147216494677851362e+00
2.774494029493545622e+00
3.063844330085269352e+00
2.758457520237565408e+00
2.882250681770674117e+00
3.031526724277138207e+00
3.018750552871803272e+00
2.748830749442231713e+00
3.494498493040632425e+00
3.301925389274378730e+00
3.288376868769116168e+00
2.926961432920319961e+00
3.394659766030852843e+00
2.860577907647746443e+00
3.114691332134168267e+00
3.075702914730535920e+00
3.353233798636259699e+00
2.662053170811918612e+00
2.921965994124403831e+00
2.763343534343868146e+00
2.753475303852887190e+00
3.023847613442651738e+00
3.504700331774211364e+00
2.810831952172804460e+00
2.818156460651019657e+00
3.057134150710830500e+00
3.159165332095485113e+00
3.719865315397269612e+00
2.941300896848481283e+00
2.782001972661257483e+00
3.467090685613843259e+00
3.124151603464418780e+00
3.113601653040951156e+00
3.146648093279762914e+00
3.324168618006557718e+00
3.311167978107627530e+00
3.559995860622007235e+00
3.317681573838108022e+00
2.809056099549025021e+00
3.040257068008590302e+00
3.191837542258015858e+00
3.426074305734769343e+00
3.312204689265722646e+00
3.258444046550116102e+00
2.798299727248987789e+00
2.996854481682165616e+00
2.933506508637175436e+00
3.586191441838868954e+00
3.428864291435155920e+00
2.982473081021147276e+00
3.151868762246131439e+00
2.618357187802484276e+00
2.922162200625787687e+00
3.557527453693486663e+00
2.909250398657368564e+00
2.684978018358159968e+00
2.663929385390845894e+00
2.648127331108399485e+00
2.756516238109026240e+00
2.984701865925611042e+00
3.326330633367426071e+00
2.889369745068831374e+00
3.108798598724945794e+00
3.243046910301738528e+00
2.793939795328466147e+00
2.806656536743133756e+00
2.794033354062061214e+00
3.345772293962967936e+00
3.135590651607278456e+00
2.889324215644310190e+00
2.764914446515305269e+00
3.722521155892614786e+00
2.945930545761627162e+00
3.392182606578639792e+00
3.062636091493940338e+00
3.471056889316419536e+00
3.203023227866834244e+00
3.143712812633635778e+00
3.461466480122405098e+00
2.733371187399095792e+00
3.238609752370290806e+00
3.205422807335550406e+00
3.514266937814963132e+00
3.077417931669424789e+00
2.962139386945759512e+00
3.279365848589836041e+00
2.837865128064579245e+00
3.092993592122117441e+00
3.266785384525247693e+00
3.107013379205497916e+00
3.065927318487766673e+00
3.384284024629711229e+00
3.359150357097428152e+00
3.193238072935900451e+00
3.106123356798036639e+00
3.231746831817374765e+00
3.035743628729332233e+00
3.150632853998449612e+00
3.361924466005024925e+00
3.123733352253587725e+00
3.500599960575295988e+00
2.680082474873421106e+00
3.418527906940135974e+00
3.211609635982076494e+00
3.079173805377363404e+00
3.429658444400611295e+00
3.107885329186450996e+00
2.438761746655512930e+00
2.920266490272095172e+00
3.345111395116598718e+00
2.951118954570831843e+00
2.973226627755856111e+00
2.524338648609614655e+00
3.208159083454611427e+00
3.375669167140405769e+00
3.609448393211837747e+00
3.158786148255412485e+00
3.352173868870615969e+00
3.118608668325075328e+00
2.542607492058491570e+00
3.267852147500383442e+00
3.263592239614640622e+00
3.285640068431318728e+00
3.020828182716805088e+00
2.640481942503301482e+00
3.396917688018665338e+00
2.782865827481987520e+00
3.304867835407021559e+00
3.141081282678188646e+00
3.412395350263460969e+00
2.969441633118220292e+00
3.268703719299563826e+00
3.210033138147912801e+00
2.615243379899981679e+00
2.616904298203492019e+00
2.767451005646270890e+00
3.136036384866056625e+00
2.977691564977713146e+00
3.467109203002652240e+00
3.167730914823815969e+00
2.938239221433442960e+00
3.371481134157516379e+00
3.081603487596167756e+00
3.406877288357106348e+00
3.064902983197075770e+00
3.216821650012526845e+00
3.315113560649692648e+00
3.257473080987684178e+00
3.122183564256495902e+00
3.156384255104012659e+00
3.131101263989794603e+00
3.049475739552351516e+00
2.817574426167213986e+00
3.244224995931898725e+00
3.153906962727154539e+00
3.430273296041117526e+00
2.605827021950074318e+00
2.749082653399719689e+00
3.356747699076159552e+00
3.306017279072189563e+00
3.341568080640891836e+00
2.951868826827233505e+00
3.244275384641378768e+00
3.017334327573912844e+00
2.640071191254625305e+00
3.319179815737959061e+00
3.168628336553746649e+00
3.148427204165047844e+00
2.882027814392359222e+00
3.519440060188507413e+00
3.422726641081849319e+00
3.654210562634033987e+00
3.246321209323924428e+00
2.910790147589787935e+00
3.024771494256622617e+00
2.355849861182595983e+00
3.049536380286042458e+00
2.898690259075038078e+00
2.548633216774813803e+00
2.900430426427237141e+00
3.091982516311761131e+00
2.629863423559356317e+00
3.470904933298733397e+00
3.065707031520537473e+00
2.933147389968284724e+00
2.632172277444972508e+00
3.170798280968486704e+00
3.359682743493365376e+00
3.116451368755628337e+00
2.552849484156257009e+00
3.553691226490345301e+00
3.349904138329961700e+00
3.100355370629048757e+00
3.223844617373611499e+00
2.947337429089423644e+00
3.329743277972407878e+00
3.057361469455278424e+00
3.063205998221465443e+00
3.013460439142936043e+00
3.393704369770185192e+00
3.000485794527773198e+00
2.577816891648785802e+00
3.135943711483016205e+00
2.805793366923461818e+00
3.117151660732348173e+00
2.423378990959755619e+00
3.259977682077695782e+00
3.596991847264036757e+00
3.395430251804491206e+00
2.997902947285212782e+00
3.327678623853515649e+00
3.403913409465006978e+00
2.468751088092532076e+00
2.865069187980418430e+00
3.056645296024152358e+00
2.651731926831002450e+00
2.919944449738032244e+00
2.718067769019888669e+00
3.438393248655779555e+00
3.135985716943688217e+00
3.183290804021063014e+00
3.154105677328378210e+00
3.349705075532963594e+00
2.998923858532532627e+00
3.176128752347342932e+00
3.129878019033545566e+00
3.523827217811416723e+00
3.044879119726735528e+00
3.089914937691945696e+00
2.635790345539312796e+00
3.000448826544086067e+00
3.153204742639708957e+00
3.426358707416905958e+00
3.569792234127813657e+00
3.041092123198118280e+00
3.065111642831794381e+00
3.267150610731837990e+00
2.570965393039465585e+00
3.515745454542523518e+00
3.173419326873659685e+00
2.740530987570600097e+00
3.320881463793431188e+00
3.518393488061191121e+00
3.412933989764201037e+00
2.434927423994872164e+00
3.459785642617613011e+00
3.166803734928431258e+00
2.176283892177246937e+00
3.159946011764666274e+00
2.573726289364981934e+00
2.990567514811147465e+00
3.069922529740316985e+00
3.590921122710565072e+00
2.584118681643825077e+00
3.585876756534312371e+00
3.211952929590189854e+00
3.343750788645928118e+00
3.425287272133689775e+00
3.085688355236185565e+00
3.234432170650521243e+00
3.357999006292523791e+00
3.109302907446491293e+00
2.506265265990756053e+00
3.098795505163159714e+00
2.790370169151730639e+00
2.578511673313596653e+00
3.635629834697696072e+00
2.661625772535253454e+00
2.765900161511142485e+00
3.337969286771610200e+00
3.525188312325962414e+00
3.219036112550335726e+00
3.597173015529010698e+00
2.846973406520304284e+00
2.617088705220787404e+00
3.317831132957282048e+00
3.290487559040998988e+00
2.495403908733710985e+00
3.456735306770046812e+00
2.691299474375734579e+00
2.956550287015572209e+00
3.545322837264305083e+00
3.120801152551345048e+00
3.117998513528923432e+00
2.351460918416949930e+00
2.959704055671319889e+00
3.547092771928151755e+00
3.393087425989763872e+00
3.263271101190480472e+00
2.785168618773385063e+00
2.898357092286725223e+00
3.647397979542145841e+00
3.221193039663803326e+00
3.109438578549728049e+00
2.949957805654700227e+00
2.924755376578973110e+00
3.262966628683034997e+00
3.026388072886481595e+00
3.246283803639634424e+00
2.586979883934374502e+00
2.413019589943738996e+00
3.184005207457859754e+00
3.256960768093447367e+00
2.855780710537677347e+00
2.980027874617077188e+00
3.680475753249422777e+00
3.236736869073629119e+00
3.482406484245433642e+00
2.937172975455376811e+00
2.829700588388872617e+00
3.243172324081871505e+00
3.718157436014546846e+00
3.286890594222622752e+00
2.803551437207759456e+00
3.315140786556725949e+00
2.561241235039981134e+00
3.692769179368131205e+00
3.220422870655386127e+00
3.543627901641660749e+00
3.151965355179740413e+00
3.084947498679747824e+00
2.647338546160050043e+00
3.153771732960962915e+00
3.233131520386367530e+00
3.429441002192261667e+00
3.469988813563934293e+00
3.354660651276798689e+00
3.506349363232427407e+00
3.408085020814554778e+00
3.270005465888941920e+00
3.089735752622767784e+00
3.192166838621329550e+00
2.637348704454590465e+00
2.743664451424595363e+00
3.361319801633164239e+00
3.373313355227314236e+00
2.985568997240872768e+00
3.455888060022555663e+00
3.654119174222088873e+00
3.056927195068421366e+00
2.899653904152162731e+00
3.103590862568837760e+00
2.616616072026333839e+00
2.998275213813264894e+00
3.075007376548774651e+00
3.247462368351838435e+00
3.072182363800416205e+00
2.895242541926102753e+00
2.956167467891554601e+00
3.301744271211588533e+00
3.343777887270584337e+00
3.132183371350934831e+00
3.166907646035986623e+00
3.226766980506259763e+00
2.830367748098210345e+00
2.644816377324764378e+00
3.205945988824263182e+00
2.959067337856105429e+00
2.659439418796389010e+00
3.271229620010718708e+00
2.671055361179834886e+00
3.182532948181318044e+00
3.072886589003995361e+00
3.061014084557965642e+00
2.988628078705380275e+00
3.338345873360085481e+00
3.021819434228200763e+00
3.226469576938491457e+00
3.146187829462165908e+00
3.583936383993534758e+00
3.587081703035303715e+00
3.163588807499119415e+00
3.274894913177432976e+00
3.361788129500574041e+00
2.835248134803641129e+00
3.538115916680839135e+00
2.788244818639148193e+00
3.018397345676915311e+00
2.856218711355135831e+00
3.363947572515600726e+00
3.212973188509756550e+00
3.113498657042897300e+00
3.438095826179641712e+00
2.946694951281334074e+00
3.493576745676326922e+00
3.026980003899227167e+00
3.318147325297113870e+00
3.007796331133525847e+00
3.639215171344545308e+00
3.229116260034111008e+00
2.996938291467342363e+00
3.231770837486399817e+00
2.929061785749107472e+00
3.003287580660047862e+00
2.700725699939042102e+00
2.853944059715631809e+00
2.473775963189617677e+00
3.572108138443508274e+00
3.279434854642214958e+00
2.849253233621364956e+00
3.250261306196641442e+00
2.659639955846039960e+00
2.864411051911107009e+00
3.064955228376913698e+00
3.157001697564529863e+00
2.617572604855437302e+00
2.905978044691763795e+00
3.320708343341360447e+00
3.339621359048396521e+00
2.647806812701324120e+00
3.126848014410958498e+00
2.445211121987327818e+00
2.991662566590800765e+00
2.398394397046867521e+00
3.567543460516168441e+00
3.170282490294730859e+00
3.125895959705216498e+00
3.180863556495609590e+00
3.687729132121784659e+00
3.024735930164862197e+00
2.813285823482219783e+00
2.661811779600394612e+00
2.939446136366669293e+00
2.442079791343442441e+00
3.275105605631312145e+00
3.597631432227133885e+00
3.012380716421854121e+00
2.787547983730081835e+00
3.414639084639747857e+00
3.068937514026181645e+00
3.548777408398356314e+00
2.750002698940633650e+00
3.433005821608861918e+00
3.209080478347564824e+00
2.772757371665531601e+00
3.674221110984500438e+00
2.970502468470327173e+00
3.063175641343028222e+00
3.527520053585844639e+00
3.431089290009093684e+00
2.596548520143704852e+00
3.432461559520637806e+00
2.904679698256818376e+00
2.913146285039265759e+00
3.144029351654223703e+00
2.593371951781726192e+00
3.039970875795668714e+00
2.698157892657168766e+00
3.252480400229863733e+00
3.128426962462556471e+00
3.010501756540559626e+00
3.533291039853138749e+00
3.135450319706630573e+00
2.795742402294201678e+00
3.208916794202040901e+00
2.587616609188533090e+00
3.022820949127940970e+00
3.257582666835787233e+00
2.643234282129069079e+00
3.371258871709537530e+00
3.762841312518474091e+00
2.930245532708411371e+00
3.075887969897484808e+00
2.831436920044199557e+00
2.830385718928541738e+00
3.198352780320937505e+00
3.290975202752303375e+00
2.516653496613986185e+00
2.736628115623899404e+00
3.140668753454825879e+00
3.484881715432442739e+00
2.966909823753820508e+00
2.980766009298368324e+00
3.162035525740197084e+00
2.600259985387036288e+00
2.816483657068126867e+00
2.548729533368172095e+00
2.915421345945695020e+00
3.118620878949079245e+00
3.030000671606313034e+00
3.126067280771649415e+00
3.384145366969872892e+00
3.108739071841196022e+00
3.218270437600899037e+00
3.078299659957934864e+00
2.957263126889556393e+00
2.906616737289276386e+00
3.272985835713306813e+00
3.516159841731816726e+00
2.803037009778887700e+00
2.909910106542657360e+00
2.896268301372276088e+00
3.129350925140088169e+00
3.566792446393382665e+00
3.301709812641855812e+00
3.637008420259439045e+00
3.412996091915459829e+00
2.700067607095207656e+00
3.031854842207470035e+00
3.634984234998466679e+00
3.249624598860296310e+00
2.814157681539967815e+00
3.050908545936736438e+00
3.245872489651174142e+00
3.193719511980527503e+00
3.226816409530460117e+00
2.978312285533051273e+00
3.377299930126056005e+00
2.647405944213409246e+00
3.028926362187351451e+00
3.286441861440219547e+00
3.115989776596410188e+00
3.393391980700384725e+00
3.352327829679686122e+00
3.080428848549080278e+00
3.233678875302714584e+00
3.359471042029702481e+00
2.877969876275627836e+00
3.345638554374028573e+00
2.771271186651558249e+00
3.213250222281674784e+00
3.484289602457512736e+00
3.012999182225005068e+00
2.927138944553581812e+00
3.148777551146745513e+00
2.613935708568259297e+00
3.220788585477199373e+00
2.937256742031895129e+00
3.463864374347528585e+00
3.466786331988672032e+00
3.514561027764471213e+00
2.888687114572090930e+00
3.139245895697485800e+00
3.324201274714579935e+00
3.379465126917382101e+00
2.582692392584289287e+00
2.498966863990314202e+00
3.063434676885956609e+00
3.100649534915007610e+00
3.185893274495161354e+00
3.717375868608733036e+00
3.430574894650448403e+00
3.450468883444230084e+00
2.783686328043360358e+00
2.728948729412019603e+00
3.481923383273388684e+00
3.417282429453654125e+00
2.422636546996006501e+00
3.100033976479742215e+00
3.431188052308693948e+00
3.334354709491103907e+00
3.118287318467621638e+00
2.782246145467657250e+00
2.798950793714629626e+00
3.225183736466206597e+00
3.127977855267475071e+00
3.590312460824776508e+00
3.296975158075941437e+00
2.721369441169701808e+00
3.053193172330819216e+00
3.281819004472751100e+00
3.379418784237158579e+00
2.887581012313725104e+00
3.141077256466063616e+00
2.676667342045692788e+00
3.356330284318523649e+00
2.913575809131597083e+00
2.852518071669174926e+00
2.653410840797671977e+00
3.406899802296769586e+00
2.920096902584038645e+00
3.589930492545100549e+00
2.409402183671655262e+00
2.799848442473787280e+00
3.081940268066923228e+00
3.247167460611492196e+00
3.281661924848354950e+00
3.561665425615422542e+00
3.309457859587064732e+00
2.320262884837484219e+00
3.630243504179219372e+00
3.265352875809378386e+00
3.302821578601715657e+00
3.362279959242462368e+00
3.264717989624521532e+00
3.693380644278644098e+00
2.672207250084774444e+00
3.438682216420809290e+00
3.233973555249729515e+00
2.899680174199706695e+00
2.586047653316736472e+00
3.048334194086222304e+00
3.539620653591931898e+00
3.212688397624265502e+00
3.494497404225536119e+00
2.819702997198444194e+00
3.584689074309453716e+00
3.305278766806230450e+00
3.493904369965878498e+00
3.393407066707451403e+00
3.313902011760186728e+00
2.814590130519547539e+00
2.778211050043645880e+00
3.259598236151900252e+00
3.294393943118716805e+00
2.574106422847321163e+00
3.090824605815450710e+00
2.950048623513350954e+00
3.104785678315417297e+00
2.581935587940760168e+00
3.085118010426344703e+00
3.063143759790469822e+00
2.751436804205144249e+00
2.768296606164072138e+00
2.606985562479982033e+00
3.423094403165519051e+00
3.380317191127414134e+00
3.463866821131571516e+00
2.821535144985243271e+00
3.701256779629561233e+00
3.007015734564334242e+00
2.517262208207400320e+00
2.908877232313888062e+00
2.701025814392564950e+00
2.754980087481509798e+00
2.758238187258843954e+00
2.761935681483223881e+00
3.207595755549637051e+00
3.079620136029370236e+00
3.680643004064202639e+00
3.405114361490095831e+00
3.030758074107958500e+00
2.649242475982704015e+00
3.392726399893152056e+00
3.572210836256910493e+00
3.324539125356253511e+00
2.570547021286154088e+00
3.739158191243610041e+00
2.922593276507212678e+00
2.670262661496851209e+00
3.248082517227635968e+00
2.418691454326026502e+00
2.934669121252238000e+00
2.909523643154608319e+00
2.979070455290519170e+00
2.888619254381470824e+00
3.247462423752598415e+00
2.713706703926699770e+00
3.830140806732636349e+00
3.409613634306894792e+00
2.851810613936399452e+00
2.346532897971750575e+00
3.340967196609569090e+00
3.402791624476888099e+00
3.111612205378510243e+00
3.612352226380534326e+00
3.444726917993744308e+00
3.498385702843174183e+00
2.925528266894137364e+00
3.160362402789755887e+00
3.290526443210735508e+00
2.548072097896690202e+00
3.085789756620082702e+00
3.130226887608656750e+00
3.111045878564505873e+00
3.199879412872187689e+00
2.561692620977518597e+00
3.100173127410564167e+00
3.087496821377603506e+00
3.096447162496972716e+00
2.939033673977375916e+00
2.779842008626195682e+00
2.658610143699791983e+00
3.176484231382900258e+00
2.984200382897493675e+00
2.781430055865421469e+00
3.440613872415985153e+00
3.569658123948023842e+00
2.751171177252690558e+00
3.253716959431954603e+00
3.160256706987751851e+00
3.474444965441943367e+00
3.620243321345945731e+00
2.956074451925032598e+00
3.311336412764358528e+00
3.142879948839714110e+00
2.459279170551695426e+00
3.405232697913256779e+00
3.181007924037376089e+00
3.073053814040240361e+00
2.693772786298332722e+00
2.858123169498765659e+00
3.263082707472838351e+00
2.633488645527620964e+00
3.016418386346811253e+00
3.089691278359554261e+00
2.853635126037799008e+00
3.093478273662661149e+00
3.408143077821752520e+00
2.835353025639793412e+00
2.477871909153516849e+00
3.203505400402579806e+00
2.617266684598381410e+00
3.251297098739995395e+00
3.346377764874537419e+00
3.143145969520530603e+00
3.428801392987075758e+00
3.486305658093340920e+00
3.278362506717320102e+00
2.469408900557064079e+00
2.796494379207420611e+00
2.818027512815737712e+00
3.311810642765427914e+00
3.162645931152147760e+00
2.473579879440707785e+00
2.725690064580027272e+00
3.342634790498189457e+00
3.010954402919610473e+00
3.435792758691530224e+00
2.895188806764089851e+00
3.160532584841071024e+00
3.148696038269954034e+00
2.994952919518601320e+00
3.046579549199293080e+00
3.044102623547110475e+00
2.986918534682401649e+00
2.921751404559652876e+00
3.015657950941575738e+00
3.317552973466074473e+00
2.961324590986248229e+00
3.505464437351136109e+00
3.397287750886048840e+00
3.182705294154892783e+00
3.046865289005901367e+00
2.999970915995853193e+00
3.323343694160586725e+00
3.259437166686969700e+00
3.149430611222847176e+00
3.347355543012746626e+00
2.665507237169403076e+00
3.714332177204194174e+00
3.282616978662372453e+00
3.466325511353719246e+00
3.448071363898962627e+00
2.431332261329127498e+00
2.989141124714672415e+00
3.084050359037696865e+00
3.646386436362236694e+00
3.228477727232616168e+00
3.177183228580066299e+00
3.004937489068350231e+00
3.373849049483653939e+00
3.058164056680773069e+00
2.909793030675200676e+00
3.355644201833902329e+00
3.145121287305932878e+00
3.089384912115520798e+00
3.434895312780468668e+00
2.512858891653201088e+00
3.245623220820278210e+00
3.358211651168227618e+00
2.761574156307586403e+00
2.869724520029353521e+00
2.837406490344636101e+00
3.344959116584766967e+00
3.664208403857119212e+00
2.810609184563821028e+00
2.459488240303251416e+00
2.685525821857075002e+00
3.498387958792365193e+00
3.096509140840342234e+00
2.471825771379210224e+00
3.493524291896142664e+00
3.123710771871040848e+00
3.208132692683959508e+00
2.747733544521148819e+00
3.259620872104546319e+00
3.328103770817274487e+00
3.776224877579120509e+00
2.978332464770871990e+00
2.760012793615330917e+00
3.272917709069234959e+00
3.222129248446720329e+00
3.184210191718931160e+00
2.719112907477548635e+00
2.959771847970710024e+00
2.756619017284516193e+00
2.444371999400748230e+00
3.063089725099689353e+00
3.293059172740611107e+00
3.366256841280005574e+00
3.408382079650502661e+00
3.265763888750710553e+00
3.119276579405914074e+00
3.201843232619010493e+00
3.461399218096069319e+00
3.082948410236566072e+00
2.884148630769416854e+00
3.459534681081368745e+00
3.311492432359183002e+00
2.969141519562048526e+00
3.656732040970320785e+00
2.999091260549444637e+00
3.118065846900324622e+00
3.218146796004987209e+00
3.442020737874170955e+00
3.156970518919466340e+00
3.419230280854028692e+00
2.944529352225345953e+00
3.151378658279003098e+00
3.583187071532499157e+00
2.866886922532429605e+00
3.031498486560536332e+00
2.629074132057129809e+00
3.187519590040767792e+00
3.299994088181263052e+00
2.997403047214717731e+00
2.921536569263698535e+00
3.018345935297662930e+00
3.145854507171957692e+00
2.926025752716305828e+00
3.488388456523713543e+00
3.048007609826574260e+00
3.346870032765006275e+00
3.704742037796582288e+00
2.972122085525792379e+00
3.383865717953634000e+00
3.020353768597100697e+00
3.209431644451624877e+00
3.282420172958127935e+00
3.219104900850392692e+00
3.005927372612927861e+00
3.407033939735529149e+00
3.008891703263672834e+00
2.957800006024895456e+00
3.413352413820454068e+00
2.422279724799748291e+00
2.591860951967207338e+00
2.876424932406421497e+00
3.327045303999787151e+00
2.678335018242142596e+00
2.860275393845997716e+00
2.168071620515966913e+00
2.719000957264070539e+00
3.091953213726590821e+00
2.986841765266244675e+00
3.028143691624112677e+00
3.156362940151709484e+00
2.621286893468745660e+00
2.999667727250943106e+00
3.151853159162826934e+00
3.055502458830826829e+00
3.275532241391416743e+00
3.258394737420325704e+00
3.410051148024682455e+00
3.067923281579977512e+00
3.300672923606390974e+00
3.254339008148969814e+00
3.219938595942846149e+00
3.455650437230801231e+00
2.995742263504448388e+00
2.489725899083741201e+00
3.621412339193697427e+00
2.887410206222607467e+00
3.514912110010540491e+00
3.498906724865479489e+00
3.605659553866859657e+00
3.140955405894990449e+00
3.052005723476586052e+00
3.343195441367456500e+00
3.468126604973844618e+00
3.119272208169685090e+00
2.914286713247792981e+00
3.339233216966645212e+00
2.858755540536772610e+00
3.538390637834513353e+00
3.050812705622873100e+00
3.124054703186407433e+00
2.612525378698600687e+00
2.973811470355270270e+00
3.260213579075842638e+00
2.843318738493762154e+00
2.929912783286411138e+00
3.336873409365208154e+00
2.847985734226640808e+00
3.189056305112257128e+00
2.683636096099517587e+00
2.744335684447673174e+00
2.951731738623309731e+00
3.066703684502085192e+00
2.464238962612451900e+00
3.353011244323871765e+00
3.399110084887107863e+00
3.323073794225611444e+00
2.796875937518377153e+00
3.308684819379311470e+00
3.553320027353704003e+00
2.946798544803630016e+00
3.465238526091010574e+00
3.320728253254203288e+00
2.624609404072819174e+00
3.451092302754088958e+00
3.496603946513358707e+00
3.121291149652658969e+00
3.309875077944176347e+00
3.461022320386957229e+00
2.786994597007979912e+00
3.035688243588435586e+00
3.441311949924091174e+00
3.280713885757150727e+00
3.644664606979407306e+00
3.139442239314753635e+00
2.829184451724529481e+00
3.094126746421740126e+00
2.650534975875039834e+00
2.729204598486382860e+00
3.012298195829163916e+00
2.815805569286396803e+00
3.517220236689777124e+00
3.169864257120351247e+00
3.210879392188996206e+00
3.281192739533355329e+00
3.405547627143059142e+00
3.201887266872394111e+00
3.212223026288286043e+00
3.224143615462210288e+00
2.450545441277442560e+00
2.982282614487610228e+00
2.978992289427501827e+00
2.824122237794690626e+00
2.606533627582993784e+00
3.573140458473162084e+00
3.721458812336983613e+00
3.510436173243262736e+00
3.131912850063759635e+00
2.829587944276203970e+00
3.342515831594332187e+00
3.155989818779734613e+00
3.131690954462320153e+00
2.812820487328421493e+00
2.932296470514715647e+00
3.111638168191478648e+00
3.231984314725528940e+00
2.782964003819338394e+00
3.005871089951643871e+00
3.078425956681005271e+00
3.020895648196343597e+00
2.840979634877255577e+00
3.584536636662939202e+00
3.104010136118827479e+00
3.641071972533562739e+00
3.681471958183945237e+00
3.169332878043944479e+00
3.755214084438738276e+00
3.022837809905317918e+00
3.195567267128823552e+00
3.200972261613353353e+00
2.997725327144706409e+00
2.807802271938771632e+00
2.656242678745111441e+00
3.074611715240834542e+00
2.370278980608053754e+00
3.370511217345917743e+00
3.533676668032143642e+00
3.247343336959876758e+00
3.291652467362930157e+00
3.318815035278866787e+00
2.611049122651919685e+00
3.157754521145502036e+00
3.199748295057745828e+00
3.153884898860031427e+00
3.096043854732135614e+00
2.998204501243304065e+00
3.092045061587341159e+00
3.230306075046371017e+00
3.122070688399407601e+00
2.876791157389478215e+00
3.698394595018630326e+00
2.769282483845574294e+00
2.910811076628785798e+00
3.424250388400704281e+00
2.823283369359613992e+00
3.149646611643282856e+00
3.415564731548026423e+00
3.068769305362562871e+00
3.102610681643574342e+00
2.764760316777417071e+00
3.289130299099086496e+00
3.094965101398957419e+00
3.199057520899966089e+00
2.186433476550991628e+00
3.239938729133469586e+00
2.720128502815867488e+00
2.849743513245516890e+00
3.252250147852199458e+00
2.863880917673504278e+00
2.933146627797812656e+00
3.437944972402113386e+00
3.561888285614375871e+00
2.575569753734636258e+00
3.361436089465889676e+00
3.468438643448246594e+00
2.634874021067231897e+00
3.341831515020492471e+00
3.143215417154232139e+00
3.230818059474922510e+00
3.226131157768402868e+00
2.730789172032240586e+00
2.706362979639487243e+00
2.744873922678032319e+00
3.405533681926558032e+00
3.226656150247501298e+00
3.067662844624226448e+00
3.353983160963532217e+00
3.573297259856277108e+00
3.234786514122244938e+00
2.979813667906650920e+00
2.929086918185314303e+00
2.922195302749470258e+00
3.216374866772889085e+00
2.732289329844423076e+00
2.643673571715162929e+00
2.844889963833115765e+00
3.474901008022963644e+00
3.616773399148770718e+00
3.152098134784944161e+00
3.663018958553563298e+00
3.637902597015960637e+00
3.239479549688855542e+00
2.614674962789308665e+00
2.909568459057956247e+00
3.343696124913769552e+00
2.954506964810524217e+00
3.213943283846989907e+00
3.381625168447420560e+00
2.954132022270803404e+00
2.711489162240697137e+00
3.015208561684859401e+00
2.854926101610101075e+00
3.281932751631308154e+00
2.854846071664038476e+00
3.307572320202630145e+00
3.354281829265593373e+00
3.011583380516630548e+00
3.272902203726582027e+00
3.646134075006275843e+00
2.806538837399937591e+00
2.870008661212991807e+00
3.069927064223522351e+00
3.395409539378868580e+00
3.647673272404036382e+00
3.452258216323935702e+00
2.605589562341709353e+00
3.637546405801627358e+00
2.707551650884467698e+00
3.674338076053167867e+00
3.539586104517642440e+00
3.569524006963472385e+00
3.225215343017639569e+00
3.665047415391412322e+00
2.920807373663017348e+00
3.567944847046781387e+00
3.047691636428842887e+00
3.148788016864578765e+00
2.687137851507372055e+00
3.681589537550540303e+00
3.194725076977706024e+00
3.210727375377396164e+00
3.163661143032964418e+00
3.261731899687415837e+00
3.284178671571218011e+00
3.311520941715381916e+00
3.112025653557467741e+00
3.289242395131741770e+00
3.002563965036030513e+00
3.171685352308968309e+00
3.385199674622401123e+00
2.995946970042124846e+00
2.934145440980637343e+00
3.015977286279808212e+00
3.143147989297324418e+00
3.439482382295865559e+00
2.290024611819832412e+00
3.236449710853146033e+00
2.971375479168711475e+00
3.497914169570119025e+00
3.368317436851826496e+00
3.304186541963265888e+00
3.456361180885636930e+00
3.202449256587459825e+00
2.323456833380676656e+00
2.961153714004800985e+00
3.594948160247389168e+00
3.400726276645907209e+00
3.265809532939200288e+00
3.216177412943577618e+00
3.005675492046032460e+00
3.107935120183901390e+00
2.529350711277596364e+00
2.758800086697626330e+00
3.113403517265061815e+00
3.172461974572420740e+00
2.617423001495568169e+00
3.338876002225078299e+00
3.253223203097970195e+00
3.073587362921693877e+00
2.623344478261654178e+00
3.092006872543239915e+00
3.375059547116821435e+00
3.203385280490294917e+00
2.929723994686727284e+00
3.243428040825482750e+00
3.227986454627172819e+00
3.329225902876824517e+00
3.618394149590475894e+00
2.650711751170499841e+00
2.994613609013834665e+00
2.867239450480623564e+00
3.000585093193915753e+00
2.755181451415432914e+00
2.735825399157486792e+00
3.490967602396221281e+00
3.192616699167413419e+00
2.860598623041539224e+00
2.971439727450465362e+00
3.093688648019068399e+00
3.176183990153847336e+00
3.218403137664010316e+00
2.520158449109155541e+00
3.533129379132120551e+00
2.884723663780329517e+00
3.237127882395452350e+00
2.017790222548927481e+00
2.867359362035969195e+00
3.269361346224791909e+00
3.317124485717390048e+00
3.045716614397496524e+00
3.520973372918214661e+00
2.781909929063707043e+00
2.741817248094655657e+00
3.177034925387562492e+00
3.174272675696962143e+00
2.740493542978540642e+00
3.327612542279328345e+00
3.054154815405238921e+00
2.952167990768706396e+00
3.393688637682055642e+00
3.063356216718137404e+00
2.331120722218545271e+00
3.455892535673056098e+00
2.875333267784685898e+00
3.064651398570549912e+00
3.387991225020627439e+00
3.259485883897990099e+00
3.590663517926646175e+00
3.582553722020783482e+00
3.049352655219867092e+00
3.651376338621502349e+00
3.435267273927076648e+00
3.670666216360102041e+00
2.986190944393567026e+00
2.788297269338414264e+00
3.127823020746324012e+00
3.541456332492856074e+00
2.812736073739865006e+00
2.856869409785944836e+00
3.070846459445783161e+00
3.176584355565511775e+00
3.284663470502687144e+00
3.166257711410922493e+00
3.176693877330531102e+00
3.609375655322597520e+00
3.049512398786371481e+00
3.074634352717748431e+00
2.806338671435191223e+00
3.654927255638870776e+00
3.154391253029293463e+00
3.352035775028449294e+00
3.019675277854541484e+00
3.398260528888794596e+00
3.076670297914895880e+00
3.510094325092735890e+00
2.829657110674845377e+00
3.267423412447065356e+00
3.551196338595474344e+00
3.486846848465092741e+00
3.256915770619991601e+00
3.193443074037768614e+00
3.292304736814094746e+00
2.474398273066954257e+00
3.386032936850202901e+00
2.661840400234582571e+00
2.991608594054877557e+00
3.385016540396527329e+00
2.671023071313680664e+00
2.874640880643226648e+00
3.244715656473115661e+00
3.096939834865855889e+00
2.874809731908661181e+00
2.381183322369925026e+00
3.369224996475329359e+00
3.174994893150729691e+00
3.468771004978830952e+00
3.164228238617090128e+00
3.047191691097463906e+00
3.145567552037342729e+00
3.304205103082481276e+00
3.346059339427864376e+00
2.976508206357074915e+00
2.567388598657254217e+00
3.186061784645557893e+00
2.684838006281320411e+00
2.886792330412665919e+00
3.406829344442290797e+00
2.677910043976983179e+00
3.527861875030292360e+00
2.852774987205515700e+00
2.651103359117665370e+00
2.955461565634025511e+00
3.162085651340369452e+00
2.742240824489248663e+00
3.053108856633988122e+00
2.868878788405772706e+00
3.320845580231665206e+00
2.995405780869609735e+00
2.791596882596644402e+00
3.074435012091321973e+00
2.971746836003683168e+00
3.362224741408719630e+00
3.478436555755689774e+00
3.174581862274270527e+00
3.421341417301945853e+00
3.398093982910821431e+00
3.220942114212528296e+00
3.520357821477130944e+00
3.191398706354787063e+00
3.049845433616298784e+00
3.228808099266850196e+00
2.990108002547583688e+00
2.756964863298895008e+00
2.658369340248311730e+00
2.994984786250028730e+00
3.319364685894364619e+00
3.222452609710637628e+00
3.051907690649906524e+00
3.083031669933946173e+00
2.645328497352517072e+00
2.999759207990128296e+00
3.483408689233505662e+00
3.392784865709718822e+00
3.357220757541792722e+00
2.769440612919778832e+00
3.543286159524754009e+00
3.243586388032315249e+00
3.587828477277974937e+00
3.318309603766785632e+00
3.019950690713855135e+00
3.159260640403116938e+00
2.930848205702727860e+00
3.174305155362448616e+00
3.280440036791429037e+00
3.327092118949411592e+00
2.711743834823681976e+00
3.152441913736041101e+00
2.635879681647899542e+00
3.127156660579923919e+00
3.137926619599137101e+00
2.762779788838662043e+00
3.600560765705647093e+00
2.855558200883153486e+00
3.002981024672649379e+00
2.750489039032285810e+00
3.071154999585332668e+00
3.038881040016550905e+00
3.157866218206454079e+00
2.667441711868244969e+00
2.707451138805287094e+00
3.071725359713707082e+00
3.190687198423847182e+00
2.441856405807354857e+00
2.729228022851811986e+00
3.562851076049496246e+00
3.342284359862911280e+00
2.627631084873176093e+00
3.436615459759932545e+00
3.149542241372832230e+00
2.851372417578207141e+00
3.401166590973851100e+00
3.297341804219086292e+00
2.880161351112514811e+00
2.979185843849448734e+00
2.917568369231819059e+00
3.213448910208061005e+00
2.771176689904929269e+00
3.146052755271989465e+00
3.013794251265777380e+00
3.362708927471752762e+00
2.870323803863640499e+00
3.649873959685338676e+00
2.801211397064769404e+00
2.724198409561040535e+00
2.447182227323024595e+00
3.058009106850100522e+00
2.722423886319973008e+00
3.081914492618651469e+00
3.130868792980081139e+00
3.095025959965807427e+00
2.955578947395781864e+00
3.110828357851106230e+00
3.162221485068068549e+00
3.216124377596330852e+00
2.877045711654704352e+00
2.507175175472819983e+00
3.696256079333334554e+00
2.896234278444396182e+00
3.448974413891196189e+00
2.610294790426234357e+00
2.664459614818182054e+00
3.118777041165744279e+00
3.202600718926031931e+00
2.683681020967960684e+00
3.043375878174067406e+00
2.638179798991100444e+00
3.134632830682124283e+00
3.275044319015560479e+00
2.980403313093350270e+00
3.529307454390885557e+00
3.933350384836864055e+00
3.540392910084289024e+00
3.071835619961762021e+00
3.384441213190676923e+00
3.206913290508805137e+00
3.200403617076391427e+00
3.245921730662385318e+00
3.070327969467745000e+00
3.357270155506979936e+00
3.172996574324956853e+00
3.151864907456633613e+00
2.637974843299823569e+00
3.066775889941811162e+00
2.889876290484366450e+00
3.018479743689558958e+00
3.346525283149670127e+00
3.015132759543773133e+00
3.116540334491165964e+00
3.236989579133554340e+00
2.920728800520629775e+00
3.253742670301967177e+00
3.131509986436866733e+00
3.454262899556649558e+00
2.834024287366357697e+00
2.764089509179501913e+00
3.390919223901590396e+00
3.517072738873753490e+00
3.196998847364857621e+00
3.177674297227138567e+00
2.946881843448470928e+00
3.400202806459309279e+00
3.094896320214020946e+00
3.159142417266476155e+00
3.362134407177680195e+00
3.044182366950069607e+00
3.215397591785100762e+00
3.156635673384804885e+00
3.486016991781468732e+00
2.953033652553786581e+00
3.189657720216067638e+00
2.696992142896077027e+00
3.343182920889200105e+00
3.099867519535574711e+00
3.293604452259380366e+00
3.197693007006629617e+00
3.196189741900931747e+00
3.343239590618599877e+00
3.055955372137959092e+00
3.112075725441094676e+00
3.438826833943997574e+00
3.117503695269321362e+00
3.308107243603298997e+00
3.236352003596842497e+00
2.545576756295571563e+00
3.483417315700912731e+00
3.131843133704200977e+00
2.743880688602676976e+00
3.276338190419103569e+00
3.407804462735465112e+00
2.915577834786374112e+00
2.820750671229131701e+00
2.770509207002374463e+00
3.193844181778661362e+00
3.268688818999233359e+00
3.415780042494736879e+00
3.174433621780581749e+00
3.002671023988932042e+00
2.899164081200535037e+00
3.310894927578056368e+00
2.919358165592516485e+00
3.277665546549267006e+00
2.956296787739372878e+00
3.000843574818008896e+00
2.971354566797117069e+00
3.366872935964623448e+00
3.236544986701442195e+00
3.147988920402216451e+00
2.496961496071178122e+00
3.045899327741449003e+00
2.397626808250961084e+00
2.882722091773282536e+00
3.005032036776548843e+00
3.337169606816077660e+00
3.081142635496961990e+00
3.112230841316248497e+00
3.030585061683165105e+00
3.036569007509110740e+00
3.209893265977908694e+00
2.936885346482665859e+00
2.852163301309892596e+00
3.549727213724461539e+00
3.069296193235389048e+00
1.978742542541066962e+00
3.498889535060184297e+00
4.003879323992238781e+00
3.226918613738218422e+00
3.106403111766546044e+00
3.588239680586071234e+00
3.268165651892611656e+00
3.171059488051408692e+00
3.007454603318663988e+00
3.016012201496839573e+00
3.191155180333221431e+00
2.824481659993689942e+00
2.918452327318393547e+00
3.264342669486218540e+00
3.367292661565420619e+00
3.686573329019062761e+00
2.558921553692821149e+00
2.594207573071439565e+00
2.913879497609188185e+00
3.534179237453430655e+00
2.685054469742639061e+00
3.201134865484392300e+00
