3.338511172619479161e+00
3.491228876892398691e+00
3.009514226114460733e+00
2.714541767429355712e+00
2.895970412562590468e+00
3.224758781754525572e+00
3.115377618861118858e+00
2.769843533091209675e+00
3.588989110982694797e+00
2.227955927813122017e+00
2.725667021756094321e+00
3.501047779952920713e+00
3.266407921445054097e+00
2.990452942133563941e+00
3.462494454622118578e+00
3.122093593415296908e+00
3.046309217140137804e+00
3.241755281411638823e+00
3.133398625160416451e+00
2.518555813390834786e+00
2.739688529503148118e+00
2.469839898217154328e+00
2.330366050000359124e+00
2.458621627359873774e+00
2.488828344883761812e+00
2.036300444524547171e+00
2.199234620795210482e+00
2.340250924706837932e+00
1.992636792900196907e+00
2.384014271143181762e+00
1.548978834256488302e+00
1.733374315794568021e+00
2.016911082804826894e+00
1.921511109894807889e+00
1.458618766194296645e+00
1.668337062732627274e+00
1.653082609938584246e+00
1.941675821621112297e+00
1.136051475976440184e+00
1.521120865649732812e+00
1.463390280237473196e+00
1.917182276252853645e+00
1.255750735814150643e+00
1.611415499992178813e+00
1.767160432303823248e+00
1.300964161555862253e+00
1.237653109346790625e+00
1.999469891553550260e+00
1.896901677542309983e+00
1.838810365825348958e+00
1.966011177609985561e+00
1.882909002878022653e+00
2.032167815315258697e+00
1.405969446453471328e+00
1.621388369792675643e+00
1.594736478011272940e+00
1.061027567340909750e+00
6.447709585317031866e-01
4.758951672844996539e-01
5.196896793661935909e-01
1.230100563261499413e+00
1.793317155462667012e+00
1.638971228979847261e+00
1.935307819823715469e+00
1.892335146101503440e+00
6.608429704328279142e-01
1.138598403848126051e+00
1.892335611509943893e+00
1.892335500424479289e+00
9.938602901989843641e-01
1.554739835088504218e+00
1.892334681628428106e+00
2.000606917628466430e+00
1.740913673754504121e+00
1.704932097775958999e+00
1.903251755280427782e+00
9.796122303330618841e-01
1.064192856997384196e+00
1.626278990239871769e+00
1.892335040481721187e+00
1.711478391505099950e+00
1.903252628716785022e+00
1.206958794241722588e+00
1.304434208192084110e+00
1.649790129381511816e+00
1.990728588799241194e+00
1.711388806037757560e+00
1.892334761761339301e+00
1.903252544759295617e+00
1.770791911157809873e+00
8.794561183036133656e-01
1.903252376238856014e+00
1.903252513748484365e+00
1.892335300157004907e+00
2.022475095022690628e+00
1.903251846013461535e+00
1.783664969703952163e+00
1.930253984175479776e+00
2.066458546416120701e+00
4.661016544877500389e-01
1.332468674476791515e+00
1.930278833763229285e+00
1.934870000090996189e+00
1.201701729315115985e+00
1.308955192321194172e+00
1.903168872724506855e+00
1.979071828178481596e+00
5.743976863745944295e-01
1.329934829072494384e+00
8.216246639917207384e-01
1.902146156555347911e+00
1.270392223478693294e+00
2.060668933596046859e+00
1.469917736226947103e+00
2.007253486047763325e+00
1.590241591137568467e+00
1.731122490633067557e+00
1.201319188599204058e+00
1.822818725846402588e+00
1.794212233787535027e+00
1.580079535219765630e+00
1.490892545481020903e+00
1.761846828607186888e+00
2.032490097864283030e+00
2.024703668668215162e+00
1.834890202749257737e+00
2.108215155254402617e+00
1.825203099521270689e+00
1.041120050135240227e+00
1.690109469854117696e+00
1.885938463018035804e+00
4.603666401344100323e-01
7.780938585528531792e-01
3.872292302495392025e-01
5.369911064032888426e-01
1.829104036304603387e+00
1.323857488624136991e+00
1.843061014289030686e+00
1.198426108481585484e+00
1.503239626364556880e+00
1.167360985589827038e+00
1.780782008675127592e+00
1.959278472831591067e+00
1.518361062199292677e+00
1.857733846896082675e+00
1.588913588610755712e+00
1.854383255505674954e+00
1.749191744990384878e+00
1.753047782483733608e+00
1.880332916606178184e+00
1.987183479332200298e+00
1.724539300119889429e+00
1.175164613127946733e+00
1.800970571357221495e+00
1.838226366770994380e+00
1.762675338691977345e+00
2.021849293177685247e+00
1.540550597993591841e+00
1.763229520269493422e+00
1.751731209849330506e+00
1.835667727292669138e+00
1.660870594088246222e+00
1.902884902997031613e+00
1.583424581241380302e+00
1.855549289039568173e+00
2.532340023900418124e+00
1.465854473797143287e+00
1.552960260500705125e+00
1.463342618493619129e+00
1.229734640163826720e+00
1.336192765424912166e+00
1.664153876460383152e+00
1.993644174839473537e+00
2.047534089013166358e+00
1.633100959432433497e+00
2.706855615062384146e+00
1.679606205394686747e+00
1.346198155547183362e+00
1.070013820769260882e+00
1.043519069669938126e+00
1.513379085225713849e+00
2.274670511400928241e+00
4.008468282273981664e+00
3.525469383111058619e+00
3.793293070772491227e+00
3.878521520010734136e+00
3.647366387911888719e+00
3.210318934282411885e+00
3.649098629512734338e+00
3.078474083481046009e+00
3.001015558835499419e+00
3.291319148366687486e+00
5.877708278686160082e-01
1.924265264128883102e+00
2.395606220730437830e+00
2.849470090246484233e+00
3.413616779350141073e+00
2.988749691458765234e+00
2.838412281163299689e+00
3.311956870122330532e+00
3.179776669121478161e+00
3.097081450737777519e+00
3.293684377218386139e+00
2.706359137606739296e+00
3.259385886241481511e+00
3.123550309584046225e+00
2.756877873929061362e+00
3.729033295994125474e+00
2.975328771479314405e+00
2.526262567808785331e+00
2.564641362692894777e+00
2.921414270590980244e+00
2.598346216845167866e+00
3.430588055979003403e+00
2.836536430133302922e+00
3.368587229934290495e+00
3.271414682279589758e+00
2.610872095303793827e+00
3.429242985198455607e+00
2.223841962823906115e+00
2.356396808142468657e+00
2.209978489972818760e+00
1.691180970299226871e+00
2.110284772919966745e+00
2.263832691639694250e+00
1.989119383109670292e+00
2.128468560765073736e+00
2.181824767465148085e+00
1.928955615119392286e+00
2.074766587481072122e+00
1.643299651572819764e+00
1.401453578132046740e+00
1.658055987861951630e+00
1.365882265288704378e+00
1.891013550757444373e+00
1.248433982932226849e+00
1.517579000316466864e+00
1.519972096921320848e+00
1.564929675740589499e+00
1.433712039299455565e+00
1.684600484101460793e+00
1.579800947445517689e+00
1.489255335775743427e+00
1.310362729645123903e+00
1.335676985788724735e+00
1.253170946704997402e+00
1.084162463318327108e+00
1.182029181808682772e+00
1.475659210831414603e+00
1.301149389827330527e+00
1.252145743350446816e+00
1.022037801832947901e+00
1.562604614891872190e+00
1.420047471295169172e+00
1.372689353728152151e+00
1.678378982552698018e+00
1.465511932729194555e+00
8.531246485441722482e-01
9.271148157686430746e-01
9.719554182661543917e-01
9.249737563368707338e-01
1.298085569402184891e+00
1.347986972848154608e+00
1.147825469113401331e+00
1.197100075117377704e+00
1.481783139002529115e+00
1.808365757239823068e+00
1.484444171774769172e+00
1.957924126726734881e+00
1.803443516030396765e+00
2.030614685797672792e+00
2.035812558276028028e+00
1.117716848835812460e+00
1.617875917624369553e+00
7.324008085977056215e-01
1.103344257011421359e+00
1.894096056161252706e-01
6.467646292238431460e-01
5.334309987949311660e-01
8.723420102695828016e-02
5.276841946313607368e-01
7.493336122760972939e-01
1.133090099134392625e+00
3.042740974152278177e-01
1.223188504188768011e+00
2.069958777348609225e+00
1.954084017412415220e+00
1.932032908162077289e+00
1.979513612756042651e+00
9.570061670554717015e-01
1.979291663179407967e+00
1.477786787262265200e+00
1.931735463259876884e+00
1.931779756808807980e+00
1.958766502926310160e+00
1.990031941583300323e+00
1.954322927526743747e+00
1.954363675739076767e+00
1.958490256940172536e+00
1.546758497848705227e+00
1.989818551469741514e+00
1.931988896177439630e+00
1.137857505021549809e+00
2.028531230674003982e+00
7.605596059338527448e-01
1.950491726899709732e+00
1.979475512632279832e+00
1.122265269862930737e+00
1.666623239108184773e+00
1.240691435498787021e+00
1.607851136934648428e+00
1.462636699444157751e+00
9.173259646699092329e-01
1.390825814179890818e+00
1.476153542072909053e+00
1.632212383547361645e+00
1.244246498665573242e+00
1.970076290780558903e+00
1.582221435292314737e+00
1.355869988068380438e+00
1.030485185709301810e+00
8.798565183300688375e-01
1.643810458659054063e+00
1.072141723288205339e+00
9.960037480956370759e-01
1.067820843471008363e+00
1.585249693060479581e+00
2.423415366707605045e+00
4.174865123988733551e+00
4.175253273499944129e+00
1.855672213441025731e+00
3.670227955486245364e+00
1.698366491081705787e+00
1.860646331509192120e+00
1.566550983844420264e+00
1.433039903534589099e+00
3.813159041604226029e+00
3.325951475222665987e+00
1.906169857449262262e+00
3.854810129717748168e+00
3.967137007777074231e+00
1.576814115391194093e+00
1.832457622350405657e+00
2.198573753667174557e+00
4.073478358754863748e+00
3.844199515501004250e+00
1.859097076815061866e+00
3.968773685738401280e+00
3.424187257080590019e+00
3.534007159403587561e+00
3.967787416339086271e+00
3.966561511577145982e+00
3.858550804700112025e+00
3.138844631613718406e+00
1.071205553514317010e+00
3.737218038539678933e+00
4.073957395421242467e+00
3.798932620488664202e+00
3.567137220887998783e+00
2.159576529752402330e+00
6.126766883863683510e-01
1.305129559072646162e+00
1.061445245890027200e+00
3.194310536647520404e+00
3.486300106222580908e+00
3.213784775919989567e+00
3.417046851983083222e+00
1.178750214307426214e+00
3.249898805271604907e+00
3.324089141078089948e+00
6.071075172521408492e-01
1.399999476856887082e+00
3.324114528638987931e+00
3.656039038576073708e+00
3.524011170871165888e+00
3.044214743069787232e+00
3.481238196367450133e+00
3.259487580398829909e+00
1.256346636480660139e+00
3.460830404249506831e+00
3.460830440831134336e+00
3.323622878016963433e+00
3.575478882008450210e+00
2.985102714474236585e+00
3.101694959099232207e+00
3.122399637626348756e+00
1.391375814126527777e+00
3.645541864697743772e+00
2.885913599492968995e+00
3.455172112211135182e+00
3.145526568986080296e+00
1.570642562885844029e+00
3.638260405570955758e+00
2.779457362637907547e+00
3.558774002175625117e+00
2.856088441696895242e+00
3.035906628158703935e+00
2.846716921994901561e+00
1.343642239004083416e+00
3.023168792606611532e+00
2.988921795473606924e+00
3.491911989824762585e+00
3.381223416087795641e+00
3.201301853074546511e+00
2.698062328956245981e+00
3.155131264033824046e+00
3.470118724760818729e+00
3.244325117630983524e+00
3.451017600749815006e+00
3.275356511329846843e+00
3.202770703069677705e+00
3.327679424393061414e+00
2.945360217474822129e+00
3.581950011356654695e+00
2.695590942470768692e+00
3.079159635390832150e+00
2.819710201382945591e+00
3.083417584084773289e+00
2.487472550148656758e+00
2.646896402468899900e+00
2.524177569142479705e+00
3.079721290488298013e+00
2.949895991824646568e+00
2.022842709967874963e+00
1.820150945996942715e+00
1.877042236740123382e+00
2.473744175893576092e+00
1.921632539642016635e+00
2.310111153804215167e+00
1.862197610309260121e+00
2.252216802341804769e+00
2.254626539069763069e+00
1.658857767921393833e+00
2.034787393233032926e+00
1.854379988036000348e+00
1.852311263298553667e+00
1.943449619995357036e+00
1.606451027957102040e+00
1.892076121634001851e+00
1.928110748683657727e+00
2.036262634139980321e+00
1.607934001931753842e+00
1.651765137229885827e+00
1.743137859199575201e+00
1.809286246333147830e+00
2.054536466214489820e+00
1.548150821679104006e+00
1.688545674380018680e+00
1.507272187343192016e+00
1.979934319177575563e+00
1.845068806926423388e+00
1.973477675211939175e+00
1.475629180780277938e+00
1.240764428734231428e+00
1.497337199975165012e+00
1.284639005685694002e+00
1.094624818339642758e+00
1.375334445224737356e+00
1.426265068356332266e+00
1.667944126494951718e+00
1.377850868171694332e+00
1.551228440780380913e+00
1.505728476790120451e+00
1.537570876352696958e+00
1.566838021841738593e+00
1.349242378639863738e+00
1.598664949461831686e+00
1.390259257125121550e+00
1.890649545378991991e+00
1.438724548668945946e+00
1.932167801373625871e+00
1.965130155225671915e+00
1.049998128719987323e+00
1.187022403631688094e+00
1.254368348973317948e+00
1.046319905636177605e+00
1.260509862501935308e+00
1.301657088547260699e+00
8.866851959870676314e-01
1.294189522506135948e+00
8.819576917347465850e-01
6.651904060822946274e-01
1.002963423079856087e+00
7.354071798194045106e-01
8.081183365096326066e-01
5.491776924312559149e-01
1.042603123170168677e+00
4.691288694678742988e-01
9.579723134537339035e-01
3.962484698061176092e-01
6.651857389088557948e-01
1.673949768405830651e+00
1.530412345051397116e+00
1.546803718722095544e+00
1.925869292683605849e+00
1.123181853129916918e+00
2.006672272549164582e+00
1.944351946824885546e+00
2.200162812488238195e+00
1.214095599154817906e+00
1.139165941802437798e+00
2.048948743581957110e+00
2.030324333969073969e+00
2.227088929288345120e+00
2.053691204935452319e+00
2.152718205476113145e+00
1.237748006394541189e+00
2.036505690428007664e+00
1.965987081839074779e+00
1.110262315052525706e+00
3.827929400545308614e+00
2.325896396832177970e+00
1.860311866370077061e+00
2.019952114610920724e+00
1.958590456302862659e+00
1.840477320075288858e+00
1.982686960677626731e+00
2.178239406618138307e+00
3.749650438089731086e+00
2.773622242218232170e+00
2.003900560269133990e+00
1.955641356195431557e+00
3.569724181751593672e+00
1.171622632513505069e+00
1.589805756396667213e+00
2.025499501529274493e+00
3.187932827294396976e+00
2.132633370586646482e+00
3.363120288990744111e+00
1.750383432175915521e+00
6.408354284885036112e-01
5.493230473922648960e-01
1.202257319708439187e+00
6.061279482181936018e-01
1.142834275113350007e+00
1.231441890989330989e+00
7.659513828625404974e-01
1.028327507642426086e+00
1.445216038658783564e+00
1.545956362924034933e+00
3.878411897428669874e+00
3.983090364453055532e+00
3.986957040461507340e+00
2.961243775591688276e+00
8.571451749947619492e-01
3.759845964598563572e+00
2.534817577585080528e+00
1.291159369597262518e+00
3.657791319510509176e+00
3.884212375630380798e+00
3.872119092951422203e+00
2.089321216632826328e+00
2.553228104163768997e+00
3.118911210808814172e+00
3.540917460970390618e+00
3.279979967707226773e+00
1.475928555914809870e+00
3.653170840910016981e+00
3.770019065229864630e+00
2.149078617446187334e+00
1.811860162739357571e+00
3.981622145600951956e+00
2.910807583561765277e+00
3.260593859379799841e+00
3.764768590535678694e+00
1.589120908753367090e+00
3.762974170032058474e+00
3.660972139599497410e+00
3.510231855800394207e+00
3.883779438250064331e+00
5.334970426783782749e-01
3.431666023697255152e+00
3.693071794928731499e+00
3.272199278700387293e+00
1.138395627444862113e+00
3.669470207503988224e+00
1.828405335611231086e+00
3.607716213917763426e+00
1.949139492252543349e+00
3.811949059425542519e+00
3.348763375480098059e+00
3.959461660567067387e+00
9.557155721860309816e-01
3.631160539738688797e+00
3.533753040227860964e+00
3.436863426320195813e+00
2.794500531162969370e+00
3.532439417376515234e+00
3.554459952659485555e+00
3.431666253571757252e+00
6.060889517106340385e-01
3.075470914050143278e+00
3.048549576229661273e+00
3.083509473072078233e+00
3.138558991731441150e+00
3.280963756580715374e-01
1.946246876045157226e+00
3.425553226423188047e+00
8.946039597930474097e-01
3.645700563394676852e+00
3.427535827436507976e+00
3.611132878859273365e+00
3.326464284957726392e+00
3.065781766273908193e+00
3.256670687140047704e+00
3.405049213950372522e+00
3.439838866499903336e+00
3.412200589810030493e+00
2.722825740853143550e+00
3.503352681453272055e+00
3.014218972762815252e+00
3.608897726924173988e+00
3.278747948154554059e+00
3.023513076055233118e+00
2.635018393924901670e+00
2.860091329492270074e+00
2.994240225322447380e+00
2.762876038399147305e+00
3.052761919016436565e+00
2.327325864772661124e+00
2.214436460225695402e+00
2.202234325898622558e+00
2.376360561306539054e+00
2.110261632163007217e+00
2.075154864450482251e+00
2.075154816621531673e+00
2.376360402056647114e+00
2.173999025159893073e+00
2.231794404267734677e+00
1.903252091853075090e+00
2.075155086972839236e+00
2.075155448573037464e+00
2.002686921812099730e+00
1.811654844497282202e+00
1.903252113498243192e+00
2.036010221796687336e+00
1.911736121047407977e+00
1.903348192131757433e+00
1.594937328694070677e+00
1.690918827312597905e+00
1.811851188182665773e+00
1.820439207404382698e+00
1.854384175781686572e+00
1.838788298811481425e+00
1.872276241140022446e+00
1.809879594040996187e+00
1.585482353981960246e+00
1.711255264335812321e+00
1.811655364322001693e+00
1.605864297674420182e+00
1.740051595935974804e+00
1.528562063379715674e+00
2.064910083882512737e+00
1.358742037956488735e+00
1.431300952895789402e+00
1.509348160640300307e+00
1.904346000256068594e+00
1.753246313687265800e+00
1.520162880867288901e+00
1.330517619416232034e+00
1.348195548648997377e+00
1.708632176622447929e+00
1.328761328527245045e+00
1.415748271545291592e+00
1.583225368924630505e+00
1.773594077388010559e+00
1.306100400627874025e+00
1.903225065895068679e+00
1.440054426611309113e+00
1.492697762190411614e+00
1.903251720742168418e+00
1.388378261081387510e+00
1.367298266819259700e+00
1.601666143512976426e+00
1.351598640803097107e+00
1.719516118663320325e+00
1.629731695758915633e+00
1.918545854509841497e+00
1.469764008032240055e+00
1.353710804685929636e+00
1.234810688919479649e+00
2.140146286103941087e+00
2.026530882429575797e+00
1.696054831115117123e+00
1.978633279849495219e+00
1.543241885778604550e+00
2.159454985696864782e+00
1.859324879505765526e+00
1.733738734206045073e+00
1.355100778637310599e+00
1.873920292258568931e+00
1.579805904875807521e+00
1.810384948591776899e+00
1.536585514399085639e+00
1.662834098624496715e+00
1.347657249549730318e+00
1.499584769987199806e+00
1.483901488252969969e+00
1.904854300170748083e+00
1.613796208184709480e+00
1.879244573062320178e+00
1.717521470323286836e+00
1.574722452064236222e+00
1.505351674903827819e+00
1.334040231827311240e+00
1.322071873523257723e+00
1.232319916719698538e+00
1.085411174220006769e+00
1.171569980831730362e+00
1.273508827424711276e+00
9.419853411813983168e-01
9.996788779785440449e-01
8.229890495044034360e-01
5.270410397767798516e-01
4.321660052827171472e-01
9.264611806064863009e-01
8.345793114649840971e-01
1.192245677131340775e+00
6.673178055595309077e-01
1.180056766197767004e+00
1.841802822122136529e+00
1.036167453751274392e+00
9.915906845310046291e-01
1.936048700249858756e+00
1.901490303327591391e+00
1.979983044937917658e+00
1.903252409445224114e+00
1.271164290301229682e+00
1.397119304644093063e+00
9.511998787714184278e-01
1.938401939463995305e+00
1.903251735032974068e+00
1.903251833795611914e+00
1.846628105388923080e+00
1.903251726971791458e+00
1.988084442174844479e+00
1.810196183190325714e+00
2.020910362655024883e+00
1.903252095388860976e+00
1.619499515825146840e+00
1.588701397297250129e+00
1.501204586570386690e+00
1.872955221645028034e+00
1.083385361840970562e+00
1.925475274241604362e+00
1.818231427310527115e+00
1.903251851230693736e+00
1.541459884848051409e+00
2.022205865200680464e+00
1.685080484758300967e+00
1.697157887313138991e+00
1.013294580985037108e+00
1.921806091394359983e+00
1.723959987750715905e+00
1.830098587069315164e+00
1.437317536922976258e+00
1.782396523966746749e+00
1.670208048170038539e+00
1.539423410208800469e+00
1.745625384467384800e+00
2.995681016917397521e-01
1.977078601681154790e+00
1.897929383574793016e+00
1.732287695092211255e+00
1.494060703791103117e+00
9.701015166892491548e-01
1.896742170028892671e+00
1.040102674233686519e+00
1.764756860867857213e+00
1.890187608314270129e+00
1.903252259095266963e+00
1.709294838652130277e+00
1.186842591870305830e+00
1.591029657167280398e+00
3.291439286331211633e+00
1.926393759165801800e+00
3.453764614154717361e+00
1.563585885748323134e+00
1.576100445422214058e+00
1.958057315084504202e+00
1.912666984934248582e+00
3.301943683787454287e+00
1.721290742050387346e+00
1.779663592279939310e+00
1.674659343991586891e+00
1.310539009051060910e+00
3.490691356464671546e+00
1.996630959823740392e+00
1.823022127495793621e+00
1.764392051762320834e+00
1.960084549576080581e+00
1.859131545146115672e+00
1.655897628908674868e+00
1.765740796892873776e+00
1.746481726740133134e+00
1.791222658439892923e+00
1.222377827202515421e+00
1.715018756247992826e+00
1.560157113533463091e+00
2.108509627160574329e+00
3.729333297747675857e+00
2.980439885583831217e+00
2.758846354102884035e+00
3.083800747247319229e+00
2.800309770376875118e+00
3.126048042749876910e+00
2.943295421330650807e+00
3.271791851351122826e+00
2.987901109046773751e+00
2.983660023030873187e+00
3.047876409940448728e+00
3.389037460397410939e+00
3.215623301613486529e+00
3.279483814456795709e+00
2.980878247992134522e+00
3.205017961055598885e+00
3.060890639382524370e+00
3.477110392732728705e+00
2.831896371382294664e+00
2.373521200400915632e+00
2.056318995839161001e+00
1.899418002814460937e+00
2.231794294345449625e+00
2.075154929933189507e+00
1.902480345308736887e+00
1.801461539542885459e+00
1.820487820961174563e+00
2.106593440988556054e+00
1.089838820251227913e+00
1.761402878940075745e+00
1.961764632835236055e+00
1.854639085366286855e+00
1.430856722597966479e+00
1.458588841046726481e+00
1.766809659887914385e+00
1.785578622479825794e+00
1.300315266600675201e+00
1.316062994204290293e+00
1.478543271772902568e+00
1.594306512152935618e+00
1.434196145258592514e+00
1.233192519956293864e+00
1.931582422858852066e+00
2.483052801629316519e+00
1.275703419536869276e+00
1.744498735901971243e+00
1.929149660732542459e+00
1.012615704638325065e+00
1.038713876615943388e+00
1.438830185447656396e+00
1.609253978162841436e+00
1.694315566240732984e+00
1.717073603267762039e+00
2.016614807048988656e+00
1.281828207675207221e+00
1.450175561094318999e+00
1.143897867195199813e+00
1.358104885631154612e+00
1.368045837511201235e+00
1.705549111876426771e+00
1.930074111807880577e+00
1.777761328890588688e+00
2.077552301216503139e+00
2.268820783744984748e+00
1.627492449166424437e+00
1.839065879124539782e+00
2.097750915597304200e+00
2.269975145662821880e+00
1.997138398916231239e+00
1.673066316778118567e+00
1.803811272050228842e+00
2.045326452264031314e+00
1.638716758283495611e+00
1.584014794301584095e+00
1.958097241486031370e+00
2.091583000959503114e+00
1.903252251787593607e+00
1.917333119502597993e+00
1.903251819107819598e+00
1.669678725940821451e+00
1.626945332064654304e+00
1.370311915235812972e+00
1.713715850076593661e+00
1.616274119826096145e+00
2.072241219863626860e+00
9.476981611828175778e-01
8.081530299254017224e-01
1.718104250572659586e+00
5.862112549394536964e-01
1.252753869147403387e+00
1.176775056416725418e+00
1.511194652233019298e+00
1.958873511857375904e+00
2.030741281413916077e+00
4.460796489496223760e-01
1.900691720658542194e-01
5.209092847809313476e-01
9.881205763841240941e-01
1.903252501031311716e+00
1.903252436703262385e+00
1.137002977925485325e+00
1.903251957014261198e+00
2.016014385874012493e+00
1.903252043111432368e+00
1.903252490506472050e+00
1.053915984703483577e+00
1.085745449141894747e+00
1.903251815521922907e+00
1.903252043791848314e+00
1.364884669334062606e+00
5.100487629310526128e-01
1.355025206279534933e+00
1.903252171782207069e+00
1.598994253610780181e+00
1.903251699710198919e+00
7.250075480847295584e-01
1.136576616264323825e+00
2.022122579716628010e+00
1.903251886283814143e+00
1.903252072687846796e+00
2.034773584855475548e+00
1.661667048238212541e+00
1.984117906238787032e+00
1.804421092960117656e+00
1.903252620901830339e+00
1.524769058497981167e+00
1.638858994938580782e+00
1.551317061861520408e+00
1.768107384986722153e+00
1.731082397718362698e+00
1.614102537324788367e+00
2.422110109946567391e+00
1.812138529408905629e+00
1.944275498186918805e+00
1.767401885887957880e+00
1.687043284704570212e+00
1.610018887986711000e+00
1.897972437581614491e+00
6.632353745317013383e-01
6.805438226006069735e-01
6.347736368178162891e-01
1.224928132495760158e+00
1.615273996440524717e+00
1.122779183890674437e+00
1.920993277890366668e+00
2.053991206250693757e+00
1.936922653401876415e+00
2.114302091131409433e+00
1.469442771863483044e+00
1.786452499355435375e+00
3.134189841249474195e+00
3.647771614522955730e+00
1.767685667279592865e+00
1.571789652432281637e+00
1.417942673586974678e+00
1.853629798910045867e+00
1.829183195706457488e+00
1.731279478089262192e+00
1.866322960284091170e+00
3.150813708509944355e+00
2.144873725863128744e+00
1.389152297999797225e+00
3.468614959040285939e+00
3.309736955872156550e+00
1.557661142129839416e+00
1.053129937763781054e+00
1.858560921548273903e+00
3.797858037950432752e+00
1.636399440556000506e+00
1.809813569977795744e+00
2.346687483451233902e+00
1.951197720692928073e+00
2.723098122199589355e+00
3.220730718014998217e+00
3.474430361973475545e+00
1.487187022178007689e+00
3.045674373609490448e+00
3.837271591136102167e+00
1.047077765987215692e+00
3.895083167178641226e+00
3.511392024134544432e+00
1.106473174971719153e+00
3.738430918044891804e+00
3.094779915470946552e+00
3.323925510588455090e+00
2.238460265219852641e+00
3.716406713395123074e+00
3.836329789895567277e+00
3.883713531647512429e+00
3.330688941011404225e+00
3.262442092706443919e+00
3.714660537395291673e+00
3.527558526117255511e+00
3.314039310979960629e+00
3.608130038095134218e+00
3.472984385325532664e+00
3.750585818461332988e+00
3.387376062613074890e+00
1.448868633288792340e+00
3.136532439259883009e+00
2.017432192379391864e+00
3.377014070869117202e+00
3.101079354926245202e+00
3.483995334551165168e+00
3.203305805209577084e+00
2.974905751671744980e+00
2.842387630484580541e+00
3.318840659935027748e+00
2.629460435262580553e+00
3.570371291725595420e+00
3.640324114872582228e+00
3.362370506156185268e+00
2.615640353030188603e+00
3.381579459234145713e+00
3.342025296544048452e+00
2.489131059886271036e+00
3.078429449496006498e+00
3.373104239468447840e+00
2.989465132799964842e+00
2.232165738674040334e+00
2.425941267404983837e+00
2.355409638273999740e+00
2.758377627575357316e+00
2.424394558048143189e+00
2.768726215989154138e+00
2.222823773409294379e+00
2.696758956291563258e+00
1.756624255294324088e+00
2.105849829966990328e+00
2.134570596049611968e+00
1.885626597814985095e+00
1.770849509733846139e+00
2.095586766957588942e+00
1.954467687245842855e+00
2.883669479060761986e+00
2.190595198462463422e+00
2.137183110197714786e+00
1.911641299201107147e+00
2.272796807052843704e+00
1.988900373623206042e+00
1.684483718246959638e+00
1.756086536154356059e+00
2.005063558774631272e+00
1.595724064287354693e+00
1.352295500027230757e+00
1.221836450889443482e+00
1.497931767692518124e+00
1.117557621766456233e+00
1.613352304087124489e+00
1.192921697414457638e+00
1.543499356258566158e+00
1.705150989515369586e+00
1.632128010466485257e+00
8.819734414866756689e-01
5.818271399686276713e-01
1.073118299057731484e+00
6.267728226387130341e-01
1.166822380326358877e+00
9.491389944755527219e-01
6.659858849627841026e-01
1.903251687885870735e+00
1.989770659447969603e+00
1.315623716510109675e+00
1.781193044302349815e+00
1.903252367596637074e+00
1.903252525142838936e+00
7.289785442018996697e-01
1.973865032538367537e+00
1.143607012369510345e+00
2.011376808260458837e+00
1.477686922396631797e+00
1.349408436044739146e+00
1.225585242580023770e+00
1.991023180274245963e+00
1.903252167738638478e+00
1.903251814611693904e+00
1.812525143577141229e+00
1.903252176914257632e+00
1.244935234796731072e+00
1.409535773029220174e+00
1.903251845691108279e+00
1.657385344259290072e+00
1.903252611436604180e+00
1.281845268600488419e+00
1.903252489554439153e+00
1.903252320548012522e+00
1.741344583863572604e+00
2.018038112116933291e+00
1.903252287165280388e+00
2.021130258730329476e+00
1.933913767986885857e+00
1.903252110414358489e+00
1.903252185011972131e+00
1.903252064946116429e+00
1.300531627526027023e+00
2.061206242561832713e+00
1.170262812548721776e+00
1.202605669719229109e+00
1.488706280714936492e+00
1.365324098557562094e+00
1.553834599491065616e+00
5.493358312151430667e-01
8.739676738137461820e-01
5.486344499483457593e-01
1.214429593377205574e+00
1.185581544141111721e+00
7.775367543280859994e-01
1.258150894248967866e+00
1.083606133116473691e+00
1.382856755726402431e+00
1.539740927243215651e+00
1.278800957138290562e+00
1.655711595180531459e+00
2.459508775985624673e+00
1.858989081371300811e+00
1.545278789267472641e+00
1.669804996923239138e+00
2.428328201732147917e+00
2.135141247643552287e+00
1.640367097106339545e+00
1.554015794771401282e+00
1.978152503249543726e+00
3.517250002587625879e+00
1.550589338149997332e+00
1.565915183048600667e+00
2.025088067788363588e+00
2.093493643389345849e+00
3.792797479193001031e+00
2.456789959055178496e+00
1.903459967050034729e+00
1.679108503679626052e+00
2.137312174716108792e+00
1.311354312156369328e+00
1.681747597138194772e+00
1.502353992614898326e+00
1.798027125832204698e+00
1.537895649044786150e+00
2.819154674270575978e+00
2.765480985555590188e+00
2.291173380675211479e+00
1.512811325075699154e+00
1.641787676082702596e+00
1.739671639650456347e+00
3.803551609390238397e+00
4.916807929088635176e-01
9.614544336224984944e-01
5.966932313647499431e-01
9.619609389310331826e-01
2.064843647690237649e+00
4.362317833525586885e-01
4.677881370033684094e-01
3.567275412771109266e-01
1.105405973144379717e+00
8.656667451194487439e-01
1.270440541836922010e+00
9.407997188462189353e-01
6.404238104090098638e-01
1.940925720078941152e+00
1.765948098479209527e+00
1.809168142481774044e+00
1.929141806440810791e+00
4.537860990220564106e-01
1.593526220954442518e+00
2.012089968333833578e+00
1.128398078970444640e+00
6.678382136627479815e-01
1.754073320299029293e+00
1.983466946595372704e+00
9.845384684071878389e-01
1.685475398342620279e+00
1.928823525426937469e+00
1.851588394293451900e+00
1.181988881745384967e+00
1.696918024688858662e+00
1.729338931977620453e+00
1.328628201187803226e+00
1.673198841580914031e+00
1.916344658753948549e+00
1.355784894481335545e+00
1.760753015679089595e+00
1.762287707932113756e+00
1.846730965221594412e+00
1.517548723569824176e+00
1.922122156798742765e+00
1.680780271248133895e+00
1.136559286883680908e+00
1.748808529406446155e+00
3.764451801507403550e-01
1.749250886941727146e+00
1.760802604292420970e+00
1.854715390345635262e+00
1.852971923814399791e+00
9.805906299760770439e-01
1.037505353749159864e+00
1.128649015218721852e+00
3.194888294084068825e+00
3.430963395341354971e+00
3.314590330610529989e+00
3.300686154987336529e+00
9.060753731046224946e-01
2.261797333162168133e+00
3.131491817837963598e+00
3.333216231977554234e+00
2.941136871355618077e+00
2.916580384811055193e+00
2.875676410361970969e+00
3.040829093247421788e+00
2.518808832207321657e+00
3.490765535246611595e+00
3.972939386680786278e+00
3.414636215451945844e+00
3.058723595103757908e+00
3.111706405561758260e+00
3.231266592493168499e+00
2.936032203667015672e+00
3.448252565364767097e+00
3.024750866804381655e+00
3.239784011121303209e+00
2.935509480190331200e+00
2.726281423208964050e+00
2.274077319642469508e+00
1.923645832174905923e+00
2.344644826302565210e+00
1.205165194816389951e+00
1.651287473679794449e+00
1.899304002673976255e+00
1.001212361217545199e+00
1.751253587377116894e+00
1.675002941797728129e+00
1.388056990774659827e+00
2.203354417666370413e+00
1.365455988932848586e+00
1.477570800995088529e+00
1.388007081067094806e+00
1.663976695224772540e+00
6.397561051432383294e-01
1.089612553644417670e+00
1.317061359931623210e+00
1.250787441244810561e+00
1.127326528827028218e+00
8.257193128611424182e-01
3.455934740585516751e-01
9.116141424363413126e-01
1.039292481830630832e+00
1.165747199857115834e+00
6.913128436582833825e-01
1.100412913731547482e+00
1.450210429038129245e+00
1.060643586749955292e+00
8.754287758220422599e-01
1.167984627695234368e+00
9.498741870846670876e-01
1.640779377176449172e+00
1.280008911708379271e+00
1.120570785862480934e+00
2.090368024538744152e+00
1.923648632160843253e+00
2.101822831608248787e+00
2.004176594981244452e+00
1.887343696568952511e+00
2.587304016839730547e+00
2.026676310561150274e+00
2.269876376299716725e+00
2.404799728535095937e+00
2.036569174476143385e+00
1.788675822309999663e+00
2.022727353526717398e+00
1.131785169255367762e+00
1.559640044612157217e+00
2.005566726485406015e+00
3.546005936941750480e+00
1.011526310038826981e+00
1.962568714031055261e+00
2.267670085717486295e+00
2.086071687724798895e+00
1.648310336283412392e+00
2.346456235273608470e+00
2.643888575008759734e+00
1.997940856020359979e+00
1.940730522502910560e+00
2.325435072444620221e+00
3.754971907831592404e+00
9.682570689875704684e-01
1.771045617747908141e+00
1.336695484380642007e+00
1.532137679626001558e+00
8.329250663252650844e-01
1.042492229662981718e+00
1.184639569667507608e+00
1.654963283023152210e+00
9.263157309339216106e-01
1.474488915575865366e+00
1.300990132897762663e+00
1.400560083426085844e+00
1.241599817452780252e+00
1.437829397573631818e+00
1.923009161738868711e+00
1.648335329525415727e+00
1.507100783599943483e+00
1.546485440963695446e+00
1.779907249435809025e+00
1.347408448654965563e+00
2.698185445079888556e+00
2.059208741001781195e+00
2.131823418067583020e+00
3.891097870305273876e+00
1.937901851837492195e+00
2.031559856751549820e+00
3.797420793683321527e+00
2.104474023784733472e+00
3.809463895322675597e+00
2.047975060414272352e+00
3.410666380688931465e+00
2.110613246910527874e+00
2.423030623094956759e+00
3.411317943141768616e+00
2.766560440821759226e+00
1.400450646659032738e+00
1.722579624227674522e+00
1.519120081536097233e+00
4.010394222367924755e+00
2.480383409655060323e+00
3.877594811350688064e-01
5.373357824266896676e-01
6.146402512986437472e-01
1.479110639399695282e-01
1.191163601787690984e+00
1.133211157494542709e+00
1.035350405890086423e+00
3.630413769031703541e+00
1.177278752345217283e+00
1.539259211803647664e+00
3.655703295536536057e+00
6.446514102588944972e-01
6.143756420005584973e-01
3.379714111695076184e+00
3.552292784696386985e+00
3.798298305978451417e+00
3.268521160728953934e+00
3.532596720821576053e+00
3.470571305942088625e+00
3.377782188785360518e+00
2.958403456372878715e+00
3.375196170116756100e+00
2.962499925937093881e+00
3.088409141372701061e+00
3.674818705515401795e+00
1.403337784774282726e+00
3.532026792182148434e+00
3.218821942952123649e+00
3.700750793632320956e+00
3.684344499728995359e+00
3.395325913678190588e+00
3.666115572620400442e+00
3.728098439417923959e+00
3.256047851424508810e+00
3.396429884055020665e+00
3.277296220272525318e+00
3.786135765347220516e+00
3.248141060431557481e+00
3.377782416971004675e+00
2.305967135842974969e+00
3.168093910705200855e+00
3.579326906137575648e+00
3.051622051352103071e+00
2.351621087618568140e+00
2.497422863913870472e+00
2.037829231064539393e+00
1.637143460687108920e+00
9.252013569676700300e-01
1.087094759658989052e+00
3.011993040312363146e+00
2.687920201443874113e+00
2.511549399432378760e+00
1.895802463432405771e+00
2.268472816375787460e+00
6.348002813606217209e-01
2.788717274995188511e+00
2.665567164394757160e+00
2.781508854290970501e+00
2.696537047633978279e+00
2.920133985178648306e+00
2.573847056876091166e+00
2.439672552471749079e+00
2.511549301916080168e+00
2.391794830809295114e+00
1.902545284263462255e+00
1.878266720552725699e+00
2.089377700918264580e+00
1.970335988759374768e+00
1.545086613925509500e+00
1.905269581973749515e+00
2.374191609261527613e+00
1.791873002041381557e+00
1.355733285780859498e+00
2.652507195564812292e+00
2.357871147684973856e+00
1.806684567136285224e+00
1.597069800390215066e+00
1.902213374300197213e+00
3.111867397369518784e+00
3.328530543688988708e+00
3.319857349538642310e+00
2.805068319396212484e+00
3.454835545786388629e+00
3.234505317027348337e+00
3.327076558053817301e+00
2.994191686148099940e+00
3.403520487122968063e+00
2.847072008314937897e+00
2.712812553477057520e+00
2.903117760296004324e+00
2.628606081732908439e+00
3.053495696802312143e+00
3.753859158016678688e+00
3.029088525205945626e+00
2.637847882984801107e+00
3.302969332948790804e+00
3.037429441833745525e+00
2.284568391602035398e+00
2.630655023836327100e+00
2.192509513419258482e+00
2.325915278176763135e+00
2.345642437401850966e+00
2.328888244460163293e+00
2.140206022807725095e+00
1.726188402250312226e+00
1.664554210687749336e+00
1.911160329032865590e+00
1.846411603652625910e+00
1.981612899247514603e+00
1.933710061244540368e+00
1.502913499156616872e+00
1.947218763553898890e+00
1.444921731122661201e+00
2.229865682136956462e+00
1.179689178134663008e+00
8.543159650501788160e-01
7.617960984791035672e-01
1.713879655963936655e+00
5.750912026370745833e-01
1.530919164823536960e+00
1.375830377787893077e+00
1.192125322089104600e+00
5.792989795564814637e-01
2.134868570180531222e+00
1.350219941911692922e+00
2.055196374632870970e+00
1.903252629808317442e+00
8.011111836895780103e-01
5.127936322434780703e-01
1.077414257656190477e+00
1.599969395895914470e+00
5.894027238654011569e-01
1.360029599164129355e+00
1.639692036144428933e+00
1.179657219920249300e+00
1.276299528085258927e+00
1.261667648867876634e+00
1.903251753404311186e+00
1.576523755082662737e+00
1.811500939297862267e+00
1.711202657652233450e+00
1.928536428373215816e+00
2.247214800571056159e+00
1.903252376610671037e+00
1.903251773834789606e+00
1.903252462813610935e+00
1.903251907691491329e+00
1.792038453550896415e+00
1.359931190573958615e+00
1.903251940415096044e+00
1.903252340633635020e+00
1.903251911220515957e+00
1.241578553605917623e+00
8.165673482710448239e-01
1.903251771460085173e+00
1.903252091756345576e+00
1.903251775189372053e+00
2.018186218981229185e+00
1.630399678479110381e+00
1.885950375448395055e+00
2.075155419968305992e+00
1.683721315015997755e+00
1.903252586329302831e+00
1.903252017282043074e+00
1.672828016458532296e+00
1.647335837048445217e+00
1.903251868876658204e+00
2.080867381638460856e+00
1.301121988869441415e+00
1.899693304748123923e+00
1.405489372748977228e+00
1.204302059682373915e+00
5.801219445937414454e-01
1.270757828758063646e+00
2.183250028799800457e+00
1.347558183303099844e+00
1.760858420740927022e+00
1.629608596755882877e+00
2.237800334284552495e+00
1.721633612164189309e+00
1.520526755607387370e+00
1.790350918561365301e+00
1.879898725991780761e+00
1.563968332710693243e+00
1.910248905962667720e+00
2.909425121832979855e+00
1.469759277778173168e+00
1.968465290745019747e+00
1.625575090439937087e+00
1.925385061838598366e+00
1.178474093786853194e+00
3.459528989852878489e+00
1.517496290610688803e+00
2.439931114459547246e+00
1.728427180459301216e+00
3.111277037159926095e+00
1.577906665505179218e+00
1.648773822051784688e+00
3.356954645440776819e+00
1.643025275816200503e+00
3.104894579497039508e+00
2.867687145278396077e+00
2.874149609701724728e+00
3.227716619832121214e+00
3.317071179291891880e+00
1.512951947681902665e+00
3.323357123531935908e+00
1.603616353742341349e+00
1.825346652457694896e+00
1.345210389662368833e+00
1.561636380684999326e+00
1.088685471067735611e+00
1.680456814327062398e+00
1.713340670084984474e+00
1.619910313382729949e+00
1.178957006368909877e+00
1.468687627170136567e+00
1.768947466095256882e+00
1.376439582430229347e+00
1.425401813685830410e+00
1.605405054972946832e+00
1.657221376479826702e+00
2.633653294867849493e+00
3.225448220290584977e+00
3.078787940708900717e+00
1.655933358609047445e+00
1.816325132577521373e+00
1.606159314629609591e+00
1.770376211417988399e+00
3.478117155770168889e+00
3.798689636236811662e+00
1.676161917016219416e+00
1.809126276671619404e+00
3.560390298726050951e+00
1.623041426912346097e+00
3.293855547555804897e+00
3.208526947828731046e+00
1.791329023265662013e+00
2.600684580932308698e+00
1.870200192648910908e+00
3.388094725975197008e+00
1.343428712993160801e+00
3.751162338411748287e+00
3.365627854768584282e+00
1.653662098511102352e+00
2.932347120372485350e+00
3.115895331868021145e+00
2.185645399246706422e+00
2.561348755253449294e+00
3.942649112811917878e+00
3.238209564185748235e+00
3.516975305343559732e+00
3.802730599430679259e+00
3.435145838626467274e+00
3.425149618249090366e+00
4.490957527088564882e-01
8.715830892738556379e-01
5.777932136931234197e-01
1.524581911642300280e+00
2.261054970703613165e+00
6.427728385097269959e-01
6.306357019968642508e-01
8.276824217205401846e-01
1.127917245114017142e+00
1.062184582448730819e+00
1.394591346415004596e+00
6.317670646786428534e-01
1.532750772626168656e+00
1.257580820699495838e+00
1.511902848144818901e+00
1.480301495868475925e+00
1.274803086757249293e+00
1.399467559166604591e+00
1.480203498301946530e+00
2.662135627167163121e-01
1.499861537744458850e+00
4.753617540462991564e-01
1.055051399717261473e+00
2.920387706830881669e+00
3.223089527935951271e+00
2.971221047171826335e+00
2.922676911330294391e+00
3.145740604320212519e+00
2.928102406044364336e+00
3.161446616268956955e+00
3.427618597677716927e+00
3.081758783179849193e+00
3.011971077047877365e+00
3.463109204125549123e+00
3.283321198079687253e+00
2.907470637745746433e+00
2.849320485206635833e+00
2.535341163779483598e+00
3.465558451818941954e+00
3.601056644142344165e+00
2.664469023701779626e+00
3.372571423863311768e+00
2.844833343895563971e+00
2.280634387769363336e+00
2.335797351066837280e+00
2.651646658565130821e+00
2.306699139199921422e+00
2.341856604268596875e+00
2.550387336385936177e+00
2.379386802669270828e+00
2.277656219359549983e+00
2.373107868711040958e+00
2.374710356279983170e+00
2.136714425136705842e+00
2.186061816034511995e+00
1.908865037185398572e+00
2.348342835922895944e+00
2.302103090867500423e+00
2.027075209896317620e+00
2.258402332702482695e+00
1.868107149133538814e+00
1.854889756670008882e+00
2.305953930186118050e+00
1.941903871382719915e+00
1.985025366583021533e+00
2.192196756586780815e+00
2.228135552541174569e+00
2.309832246749615958e+00
1.853826655627597075e+00
1.726320345505890419e+00
1.847295258717184696e+00
1.556481199917159053e+00
1.517543123482507417e+00
1.663304979960437802e+00
1.617816668685899240e+00
1.572552377023998416e+00
2.106689591137778539e+00
2.667798498183425515e+00
1.975703175866163841e+00
1.796335410395946575e+00
1.608309647893749084e+00
2.132840999537518378e+00
1.832548681236991550e+00
1.633036843814478001e+00
1.478918321936039115e+00
1.203626008078107823e+00
1.395749628002780796e+00
1.303437622765315274e+00
1.198729379133156803e+00
1.457966454292639602e+00
9.497304563617398054e-01
9.789514100148484221e-01
1.075683809088040510e+00
1.326647509048556772e+00
1.999742472440170671e+00
1.548762942108399265e+00
1.684630414843650614e+00
2.120707251275665950e+00
1.982215620640276565e+00
1.011278337191067633e+00
1.631169181942502489e+00
3.125328979960299014e-01
1.325933083482492059e+00
1.802738105255423218e+00
1.082343547185640187e+00
2.018950045102635649e+00
2.031132985285632575e+00
1.607586758914933966e+00
1.101643418330295887e+00
2.112874728265845103e+00
1.129471963366736054e+00
1.201814711586743689e+00
1.674170147900030825e+00
2.082478280597193976e+00
1.074621922658869355e+00
7.956543043250983160e-01
1.893275049114305775e+00
8.521294216939249155e-01
8.978901713967548659e-01
1.862282483496709995e+00
1.360798250448153723e+00
2.044924855300779054e+00
2.069639549850460725e+00
1.433109840765112830e+00
1.312433447970799305e+00
1.971703638516504764e+00
1.156000514951610159e+00
1.182974414791701623e+00
1.785017468598880885e+00
2.185515933338714412e+00
2.047584070163998682e+00
2.243563881576930541e+00
5.532186016106052096e-01
2.201164558026783791e+00
1.027778337205300208e+00
1.910028768811511624e+00
1.985942719882501040e+00
3.809667268579519206e+00
1.237692447090875225e+00
2.091953198894977106e+00
3.605869404562946023e+00
1.966004534622442623e+00
4.911666122521592404e-01
1.130117409756242752e+00
4.211471010649759705e+00
2.072375164772000566e+00
1.045882720905244145e+00
3.801895370479963621e+00
2.101185237930197847e+00
4.693914076715211547e-01
4.017744224974977740e+00
1.679615093807533599e+00
3.905648911296338177e+00
3.601369010254916070e+00
2.000405893305087446e+00
3.799519881702797086e+00
1.198886440000775711e+00
1.040907866091451028e+00
3.687649401954743222e+00
1.863548381645737217e+00
3.789211337673807023e+00
3.913548282219694308e+00
3.792419106216336822e+00
1.635098688152082813e+00
3.411042158318794648e+00
3.680393924883011536e+00
1.599000558559349860e+00
1.712086621777891393e+00
3.683448948209062657e+00
3.904869134133754027e+00
2.627664084300804781e+00
3.150813493822353095e+00
1.520673229045995445e+00
3.691032022316399264e+00
1.830323234341534544e+00
3.425997596319477534e+00
3.565235281100883391e+00
3.411042222802391777e+00
3.675183118680082739e+00
3.419134706489309394e+00
2.679726829607894434e+00
7.430222559265564630e-01
3.296310448552300265e+00
3.391135927198757560e+00
3.263528209746987763e+00
3.231951658049503795e+00
3.771406415831019210e+00
3.597662248463629364e+00
2.840953357697048709e+00
3.843798054658874364e+00
7.627165125146082580e-01
3.776075604631734972e+00
1.016656631169865932e+00
3.485294582898081472e+00
3.750013193823065194e+00
3.362923562144264800e+00
3.536376657484372910e+00
3.132467903345988347e+00
3.425454068822059828e+00
3.497270249015473897e+00
3.499151587996403467e+00
3.430252013591144511e+00
2.848632452610539545e+00
3.324911942089176176e+00
3.016711241537247457e+00
9.494461532647513469e-01
3.476255430559372250e+00
2.992287732353150709e+00
3.231951874864867236e+00
2.874669045653154953e+00
3.135992663634256772e+00
1.537572378614818325e+00
1.330559923684334400e+00
3.448069116732304096e+00
3.132467691401251919e+00
3.147754296292574860e+00
3.363885449870936295e+00
2.670366187117985124e+00
7.344743098667442238e-01
7.430801269195118630e-01
7.692860994019080634e-01
1.546081649068774100e+00
6.636378226415958759e-01
2.699371807933602430e+00
2.949932220506826130e+00
3.249569033226588743e+00
2.786469594701756591e+00
3.323138426147945967e+00
3.627899349970220566e+00
2.764372429222726968e+00
2.890158313046612193e+00
3.278382712816652500e+00
2.854709787872937277e+00
3.248993876080024545e+00
3.256632920904697137e+00
3.151420160671615012e+00
3.396495678335660795e+00
3.228040136360480705e+00
2.988782639010010289e+00
2.642953120744638174e+00
3.747234189994038012e+00
2.462090991830282238e+00
1.828299168593283675e+00
2.393640893038981865e+00
1.901154734025861215e+00
2.384180760738617177e+00
2.033422951918489652e+00
2.096660222684296748e+00
2.304499619992038451e+00
1.566625198970639898e+00
1.822894258284713631e+00
1.486862857159299445e+00
2.149808941718161392e+00
1.881773632485206793e+00
1.438543340239964552e+00
1.471852380793162718e+00
1.216279246203761932e+00
1.565760672039574475e+00
1.561172473988305276e+00
1.779241596878092802e+00
2.084078220344501187e+00
1.266626076511418786e+00
1.233913781034003287e+00
9.810948465906897953e-01
1.253151701651725514e+00
1.668698801761845152e+00
1.449696176406400250e+00
1.837535617811511424e+00
1.594181207743369688e+00
2.069156801858129668e+00
2.015119715150067492e+00
1.804717886788484327e+00
1.797026231411752439e+00
1.822641219633668541e+00
1.815643797322504360e+00
1.333137868624082456e+00
1.894209516344212085e+00
1.515847787511719558e+00
1.550870782370771028e+00
1.655479276515840148e+00
1.715876760679778679e+00
1.434597196279852938e+00
1.532772073094201382e+00
1.682994712027102713e+00
1.721076141330098119e+00
1.712508222536493374e+00
1.057863858428644166e+00
1.407437119835202477e+00
1.346598502284084065e+00
1.627340857295869636e+00
1.663479103218105548e+00
1.148371147455602648e+00
1.892462962363479662e+00
1.430165963380934047e+00
1.168457201955358293e+00
1.420694612330948958e+00
1.996364895054696387e+00
1.147700384346862501e+00
1.077891036472131914e+00
8.336207483965760723e-01
8.998941425012564332e-01
9.239238262830332671e-01
1.146546933777718769e+00
7.683021971772154846e-01
5.580447225939111355e-01
1.392019132755329291e+00
7.125298870242153804e-01
4.233993068580213515e-01
7.593789348724471200e-01
8.867536954398256288e-01
1.204917222151981049e+00
1.052720273821224017e+00
1.967833328740447474e+00
1.621502635528013547e+00
5.869358370830111138e-01
4.994567305495086207e-01
1.112590975569777374e+00
1.140507106188123787e+00
9.908867337563628253e-01
1.253918325476077511e+00
2.201380736211884237e+00
1.039069430581218478e+00
1.271257762550854542e+00
2.034866201378233264e+00
1.378351957432090380e+00
2.041636505555190606e+00
1.143709711826629727e+00
9.378491222537832517e-01
1.649646604434530373e+00
2.035663971348428802e+00
2.031838561570011414e+00
1.998337203665890849e+00
1.214934084611860587e+00
1.820051562521754374e+00
1.353775047991535585e+00
1.960631542395060212e+00
1.963255661417642850e+00
1.973311440738269917e+00
1.761746905255123563e+00
1.158344947848499729e+00
1.375164969388096292e+00
1.970489763756150481e+00
1.486716400972679875e+00
1.838261444828044544e+00
1.680868151335996430e+00
1.781839543366126488e+00
1.324264710686366309e+00
1.880565129437095750e+00
1.178280874363405450e+00
1.082217994245439074e+00
1.575697664969647027e+00
1.347737662172790118e+00
1.686268327236023490e+00
1.224720332074209050e+00
1.633853461860570455e+00
5.807466779878417418e-01
1.973353955358409184e+00
1.734024263071593852e+00
4.263219242892887451e+00
3.266117197527430349e+00
1.827014451434755493e+00
2.268545913738990727e+00
3.767150724918663318e+00
5.767633175654520716e-01
1.772249494312438500e+00
6.443277252463990301e-01
1.423129926911490983e+00
4.225449577487769837e-01
1.301970743218654469e+00
5.004412304397032329e-01
1.598686833828602882e+00
2.729431481246918367e-01
8.455614822765047389e-01
3.584861966034907255e+00
3.600558260135213740e+00
3.697571793899336878e+00
4.029483934297807934e+00
3.573290978902694537e+00
1.749754678805030217e+00
3.915906748620699318e+00
3.804800043362097650e+00
2.980945641474093577e+00
3.573336503542161591e+00
3.571829599863020732e+00
3.150496341906140252e+00
2.981938101615908998e+00
1.007280213269619029e+00
3.439516948251376327e+00
3.003981776904190770e+00
3.452405481262999842e+00
3.453466958741452153e+00
2.712864934835947928e+00
3.699773911979997276e+00
3.815094537652379714e+00
3.437796592378821181e+00
3.614717243491431642e+00
1.058898029930356088e+00
3.701824276165629257e+00
3.078362327487097705e+00
3.559596521756834608e+00
3.810592965836144153e+00
3.187609627689651060e+00
2.810019190647909504e+00
2.348221022091596222e+00
3.561941203694228175e+00
2.000470310359209414e+00
3.413041160620267966e+00
1.131064125682474053e+00
2.855793524278003037e+00
2.388127600381666049e+00
3.701425160432382455e+00
3.921909925949610187e+00
3.144317026723479458e+00
3.436088146805137633e+00
2.425635122264368171e+00
3.495060052409344031e+00
2.429488704070005944e+00
3.422218424435915285e+00
3.180842068660265198e+00
6.853560581455470091e-01
3.596145105867260217e+00
2.588247100783752863e+00
3.090393429762422262e+00
