4.858079612359980093e-01
3.041610002505021892e-01
2.314426620104209853e+00
6.736078170544765875e+00
8.407296543926703336e-01
3.609880441329321954e+00
-3.929364270316401675e-01
2.545592016849109385e+01
2.786730752717357262e+00
7.994462909828410346e-01
1.795528333802656862e+00
1.830116110909250793e+01
1.323747550376961257e+01
9.255266655968117817e+00
4.989435470652726856e+00
5.969022166549472708e+00
1.738778451818709936e-01
1.366124804742280707e+00
5.617766363406919705e-01
-1.088688579582995503e-01
6.873517061346183787e-01
-6.808280577141262446e-01
2.329230105540174733e+00
1.009994077009330471e-01
9.913997324578085468e-01
-7.656728473323654027e-02
-3.889690199150779848e-01
2.579449536215205896e-01
6.385856530852984658e-01
2.127141371805238634e+01
3.168785352908097153e+01
2.481369579063936182e-01
2.772578396952766422e+00
1.051726934599600760e+00
6.172611771304509221e-01
4.273148496781693090e-03
-1.959928338995460262e-01
-1.188302197637881308e-01
2.166402700086278998e-01
3.638300430403673680e+00
-3.750263589158602251e-01
3.336908781369713473e-01
7.734950062581547048e-01
2.497279185072776853e-01
2.405677883355821223e+01
7.538200633120445415e-01
1.988386128141453879e-01
-2.214103343740806418e-01
5.997315327672229301e+00
9.398516219302065211e-02
2.255272789726530114e+00
1.049555317514160757e+00
3.143145527977854403e+00
2.755367195235371547e+00
3.771147803128729881e-01
-4.017800042249382031e-01
3.091002055620796440e+00
2.900332900045023143e-02
8.744233090344470938e+00
2.095805582891342222e+00
1.297033870972018166e+00
3.188847875758463246e+01
-1.671058024339235892e-01
2.625347870580635457e-02
4.952029469974763426e-02
1.102474393083783394e-02
-3.092672756808459988e-01
1.259141090335441682e+01
1.483175457036792766e-01
-9.200263269893874107e-02
-2.752249520021378126e-01
-3.040481476768596703e-01
-1.550685248633044688e-01
3.405734839951905624e+00
3.398157876882221373e+00
4.434079594234596744e-01
1.389290978827808498e+00
3.858022177199169622e-01
-3.152267781370117761e-01
1.275104642953365230e+00
1.082794469024586093e+00
3.252034641218023991e-01
9.216334246792272644e-01
1.934988228241071584e-01
1.793655091709464466e+00
5.056021987858717814e+00
7.739397936346928963e-01
9.305095348944568689e-01
1.566779999206757701e+00
3.765180204266993513e-01
1.790514280334888353e+00
4.944467228779226176e+00
6.576666665244166321e-01
5.564174293418000516e+00
2.349334028559020848e-01
4.070883394152149948e-01
2.858541410627151613e+00
1.592839977736537904e-01
1.410486567186172158e+00
1.016823351594223906e-01
-6.864239925965170963e-02
9.574738139265866199e-02
1.087851484791813039e-01
6.028985026688166160e-02
1.602215282813613806e+00
2.171132242778928967e-01
2.091565473799186226e-01
2.129108674548874647e-01
1.305682587861691502e-01
9.658261277752880902e-01
-1.347083860721219051e-01
1.397802793380485298e+00
7.816308296008194628e-03
-1.495292909641523782e-01
4.961091102982415180e+00
2.259951822305689834e-02
-1.745911987141591792e-01
3.185830710485951234e-01
1.848086595299244239e-01
1.638214041850838687e-01
6.956744364187349428e-01
4.101381413217046745e-01
3.072171562522475474e-01
1.143517414867146753e-01
1.127292755787930645e+00
2.383753302057778356e+00
5.653632146654927748e-01
-1.125741869677670121e-01
-5.858204127007307083e-01
5.502035020329085757e-01
6.532515517094804602e-01
6.543729972034398878e-01
8.817701207740299973e-02
1.451758014527118945e+00
6.808622389310496625e-02
2.707736272041684877e+00
1.807782703037868199e-01
5.878464341838385288e-01
4.113217387397541391e-01
4.347464375339813586e-02
3.029929070166267335e-01
4.666897942126174148e-01
-3.296194853403798253e-01
7.632704283528335409e-02
-3.153502327391009830e-02
2.251392315931785570e-01
2.876137915614792109e-02
-2.701649533222165167e-01
1.794866100807739756e-02
-3.547134666947312498e-01
-3.117058507001682632e-01
-1.376365851035289412e-01
4.218437032805544273e-02
5.908969199462691391e-01
6.793334600311973226e-02
6.707091200440103151e-02
4.723811863967995461e-01
1.009983276959751874e+00
-1.672139356726744797e-01
8.677165191959531620e-01
-1.676581408449571431e-01
4.858111937695593352e-01
-1.141677520316595612e-01
2.473540398139502383e-01
1.722426858930493077e-01
-1.841366560933514751e-01
1.507952675924318087e-01
-3.377595127511096029e-01
3.034877223849971259e-02
-6.216737245840718851e-01
-1.656400193068180982e-01
5.792294494278024120e-01
4.262288647345632842e-01
2.745600809102795026e-01
7.277224904269278261e-01
9.069436571516056311e-01
2.250662045628998575e-01
-2.046443455064685113e-01
2.536405636527719332e-01
1.684416662787237839e-01
3.419737079607776398e-01
9.266893888090607101e-01
-5.008332594404570903e-01
-2.098471092913681280e-01
-2.764821546047167566e-01
-4.338762706964242877e-02
-5.314240224523293366e-01
3.364607213409852304e-02
-1.968188445136707931e-01
-3.739159931278542015e-02
-1.864787845686319556e-01
-3.178263989187204430e-01
-6.416962810309649601e-02
5.091843328906422439e-01
-3.935758210652017669e-02
-1.021435958179161829e-01
-2.092708949428928877e-01
-3.725961397636485817e-01
-4.293367245278197353e-01
2.966134097339406250e-01
1.090405306867408974e+01
7.286940948390969730e+00
1.872199418484204259e+01
3.104926106060726942e-01
7.681720479875513152e-02
6.887691798964782564e+00
7.965568364789471500e-01
1.027381795926918961e+01
4.839562335240908397e-01
2.192452352019162110e+00
7.610997013677946121e+00
-3.537358030240864148e-01
6.480201487311633812e+00
-1.448710448112547067e-01
2.846910303799682396e+01
3.574118759417583391e+00
3.006472180519017989e+00
5.661004892566362301e+00
5.145215705968769981e+00
1.083214264912126246e-01
-4.133690847405288027e-01
-1.314510547619772082e-02
9.123491460168530187e-01
1.554033705472767313e+00
2.339982673482994546e-01
2.759095579578942914e-01
1.549464871920636755e+00
1.990780817545249270e+00
8.814504076091965457e-02
1.309079627669308410e+00
1.115295910144373570e+00
3.268031853094832684e+01
2.631095984076084124e-02
1.545646925354219769e+00
1.453341661370179030e-03
-3.469665684911195647e-01
-6.517667334426739956e-01
6.215926065053453131e-01
1.718283218542279389e+00
6.368578004071786536e-01
-9.183848210875333873e-02
6.720100448638739898e+00
3.990158979985622412e-01
1.600592646802698527e+00
8.921566903036450835e-01
-8.628205800818031235e-02
2.203516994350587410e+01
1.716357729397088583e-01
6.361654060662943477e-01
1.233285884333774263e+01
1.438187982210825111e-01
-6.541305706410949217e-02
3.146108176435258863e-01
2.992175707438028340e-02
-1.568908521824108060e-01
-2.457235500783005178e-01
3.374370927271058207e+01
4.310097835627702545e-01
7.364284734401216781e+00
1.008280941739924863e+01
3.427955064486303827e-01
1.267460835007976128e+00
8.927634009953107963e+00
1.468271347015476902e+00
3.202661928105082101e+00
-3.456214022618646076e-01
4.483473914568409380e-01
-2.573740092144888303e-01
1.392730776964051342e+00
3.364489464573044586e+01
-3.602773071984084474e-01
2.237229724751353122e-01
1.083071998915982270e+01
3.414385946605664657e+01
8.624978949701684883e-01
1.395076161660125358e+01
1.380364913597928803e-02
2.474812878880096179e+01
1.026975520308945011e+00
5.006730558768376915e-02
2.550742546747493567e+00
2.632837131764167893e+01
1.141770551021769942e+00
1.660376989137603287e-01
-1.924860554100554311e-03
1.068560115996322196e-01
1.546669838624743942e+00
1.205338526086100925e+00
3.562243672704476616e+00
3.807488315444723881e+00
1.079102755977104255e+00
2.664247000262958132e-01
5.364324795987110983e-01
5.181402480969903024e-02
3.118593304426886093e+00
1.474097568368268441e+01
5.080135548234651632e-02
2.186862625540996752e-01
5.167986818511344005e+00
-1.051022074935385464e-01
2.088493636256327779e+00
1.457461615330661597e-01
7.675965055304728502e+00
7.435156524689526258e-02
6.569613256010112257e-02
-2.000538956268662349e-01
6.731733788242355446e-04
1.119916782633560004e+01
3.460567394038041034e+00
-1.067446297785211717e-01
-1.187704224858167623e-01
-9.040337003447081188e-02
4.299555170387015401e+00
-5.019069190211668946e-02
6.658550599470717479e+00
-7.211236743995812215e-02
8.213011297624904852e-03
-4.721619980921559073e-03
8.575143124391477745e-01
-6.022167949315888197e-02
3.668124216514965230e-01
1.558189017722017844e-01
1.744921109259991443e-01
-1.678232537437966687e-01
-1.146796022102903045e-01
4.992219361509256381e-01
5.030514269429490204e-01
1.095620087374562290e+00
4.032120013377379131e+00
7.843799241399376232e-01
1.754740791831626012e+00
2.559091286319891134e-01
3.612568176586136715e-01
8.671921068851106140e-01
7.959740093211313816e-01
1.041611706580982011e+00
1.719574006452615933e+00
7.716278716479668454e+00
-3.768062461950474895e-01
5.480955854028865537e-02
6.922025587727980156e-01
-1.126831520187282845e-02
2.436913766492259936e-01
1.531430332737416355e+00
1.509675170435636593e+00
8.132309256490106719e+00
-4.665098180227619101e-02
4.456083008300916748e-01
1.575237263770537244e-01
-4.197344847860334793e-01
5.296838134361605555e-01
-3.216714819960174165e-01
-2.637708246804517098e-01
1.469924411099318373e+00
2.098580919636540143e-01
4.596692607448950696e+00
9.147820980791796508e-01
1.333512674724538050e+00
2.529387680374784453e-01
1.836563298195856841e+00
7.979499647711288945e-01
1.131849331694912975e+00
4.006417954284506866e-01
3.149257453520691308e-01
1.015977130845720083e-01
5.210504428257230203e-02
-4.888064429071221628e-01
3.496537237620452321e-01
1.663755958832230722e-02
6.142645386546029540e-01
2.112678631823718955e-01
2.249842726978284746e-01
2.622822223192823321e-01
4.973295315223507651e-01
2.656874715793859365e-01
3.608991186652883432e-01
5.776828808739427057e-01
2.872295236821074682e-01
6.457740592798588697e-01
3.054557174583289458e-01
-1.527453878390755138e-01
-1.961552710470185756e-01
4.638867173711414549e-01
-2.119773388360345345e-01
2.345074047200105927e+00
2.118475052725654173e+00
-1.146230809448005039e-01
3.618861477223028755e-01
1.094831329879066173e+00
-9.573034794532300773e-02
-4.338382414933068115e-02
5.870289896476011959e-01
3.888688419862083578e-01
1.833213876921497565e-01
1.360872492033011971e+00
2.491487652762705840e-01
3.459048560363979230e-01
1.975131656207014808e-01
5.344086557416770633e-01
8.780919339398103318e-01
1.854432775310481896e+00
1.187323559372511550e+00
1.368220710805959861e+01
3.219589854406725293e-01
4.952334654705327077e-01
1.646719994915105678e+00
1.072430563181002228e+01
1.093152836926021720e+00
2.274819910359949127e+00
2.842954190952630356e+00
-1.326316369331424772e-01
3.371204722262632458e+00
8.505891874473423542e-01
3.720938898596633848e+00
4.141956767213107682e+00
3.439798358366916275e+00
9.195683952926042570e-01
2.572680066744421978e+01
5.812608379448779949e+00
1.040442061346266822e+00
5.730297549369615245e-02
5.213255804864486836e-02
6.985138346420327604e-01
1.163355111393128194e+00
2.601649121807676490e-01
8.268753317504846656e-01
1.517632451035935581e+00
1.696786402466876897e-01
-5.442633058222264841e-01
5.155849821050245696e-01
3.733775422641523534e+01
-2.161522430582641513e-02
-3.801406086174267951e-02
-6.635243820989717989e-01
6.503655765730552707e-01
-6.524626313118869758e-01
1.622643462308712703e+00
1.055605823363273643e+01
4.460390954090522442e+00
4.429410432174505807e+00
1.835863976913503226e-01
5.012075781734609548e-01
1.710599089920745997e-01
9.634032943628879631e-01
8.060920337295353066e-01
4.174945066714573549e+00
7.945699086656444754e-01
-2.756583258938561376e-01
1.132145087484926482e-01
4.755346607119936841e-01
8.110821899669505841e-01
3.632110967718870853e+01
5.535362258104199462e-01
4.716721296583829548e-01
1.856837039989472515e+01
1.857055007947762792e+00
7.651436056160290655e-02
1.713652855797498809e-04
1.215240265990920143e+01
4.287190766384851304e-01
3.360419500388792358e+01
5.914895344434555058e-02
6.461893339818513660e+00
1.954589066561214850e+01
1.212005299038836581e+00
3.473633194284334991e+01
1.993483547447812754e+01
4.566546969782654841e+00
1.130006195332529800e-01
3.851973988280389172e+00
3.095607737142935245e-01
4.830777653123918824e-01
5.184273179234414330e-01
1.771834542961522097e+00
-2.398777480654686392e-02
-4.609992377942500053e-01
4.278760722324451926e+00
-1.905665636393010232e-01
1.195063850324562083e+00
1.781327965689771808e+00
5.068384657423949946e-01
2.503827489046237531e-01
1.013240104926557694e-01
-2.640569387550530944e-01
1.721107579557211054e+00
1.082432116161734931e-01
1.822941061295919873e-01
8.738964067845582662e+00
1.695731690119697266e+00
-3.312810168645112241e-01
5.149643450646451903e+00
-1.079474149588251913e-01
-1.975843172201173503e-01
7.395879018124947024e-02
1.086690360075511563e+00
8.958722506302908783e+00
-1.919223669306822366e-01
7.609807155093682773e+00
2.572102165173956845e+00
4.038159017370692716e-01
1.660244575974353237e-02
7.594372224304750396e-02
4.335055380252469170e+00
-1.466411347883309069e-01
6.237413291688779227e-01
3.738531800871193744e-01
-2.360653714557448546e-01
1.064307052554585198e+01
8.958722004879232870e+00
6.236827897473201432e+00
7.405986262548482024e+00
8.534367835842663341e-01
6.846232889870792482e-01
5.437579675006314339e-01
-5.749408296356137149e-02
3.952869933877890818e-02
1.155609043129383721e-02
-2.593394530075108784e-01
-3.216068038398093298e-01
2.233001015878214535e+00
5.695509775972303901e-01
5.338220987884831903e-01
9.135461624671900246e-03
9.447666406159975772e-01
-2.489542523898454485e-01
-2.542890631981028493e-01
6.343926193121558754e-02
3.979115558137134911e+00
-2.337061182471228404e-01
-2.082096164017687226e-02
9.237864997343715467e-01
9.712402529917733840e-02
-3.825501506219485259e-01
2.138697048878462070e-01
4.002221551615442463e-01
8.080965571534711733e-01
6.069884508505736243e-01
2.357934104978782308e+00
4.628374915810653523e-01
1.088097906522938335e-02
3.339840601964880307e+00
-1.310416066870975504e-01
1.166417691375418453e-01
6.620568781055576890e-01
2.098768593870582677e+00
3.362307084459463247e-01
2.312045533276311016e+00
1.131397096020061221e+00
1.697559499529479043e-01
1.069754887730940851e+00
5.198899844380973967e+00
1.070122324398773139e-01
9.865947810050403402e-03
-1.253737361373370995e-01
7.105998509588845602e-02
1.478365582535852818e+00
7.744965136231798386e-01
6.049105909397765046e-01
1.618571093107556425e-01
1.702415748478888213e-01
1.742858301357742001e-01
3.256891265768726007e-01
8.963140169183866912e-02
-1.521394039258669451e-01
4.735245626899893256e-01
7.662811571401814126e-01
1.030477411590574183e-01
-8.555711138754823475e-02
-6.237615901218321324e-02
-5.283095416000889166e-01
3.781303409754496747e-01
5.584282747960551685e-01
2.112640254033058135e-02
-5.075493022331566129e-02
3.182920978177351534e-01
3.083616395696351375e-01
6.066661680445479821e-01
-3.260828904617261992e-02
2.069859767128487404e-01
7.356455980026929131e-01
1.534111659347135559e+00
-6.374783232578000447e-02
-2.904318776007822622e-01
2.976279070661773038e-02
-4.968998242674745880e-01
8.274961219448361271e-01
4.565271736965600957e-01
-1.857005929987102788e-01
-5.573946965223176842e-02
2.777224521376723820e-01
5.718807284014604253e-02
-2.275468007730127584e-01
1.220231694682318624e+00
5.623280451991143902e-01
-3.900228513312720691e-01
-1.839289214659343974e-01
4.683434924749617645e-01
3.280272061491154023e-01
4.220355587277949821e-02
-2.418442020627432631e-01
6.426071099290743049e+00
-4.331845189794531481e-01
1.228521853080346915e+01
2.613150098674395494e+01
6.001433690263546339e+00
2.817556422619101664e+00
1.031753742149851405e+01
1.769397127612588536e-02
6.679369468119494613e+00
3.226416154805144654e+00
1.673425343028547019e+01
1.772110837881246015e+00
2.071616459066134119e+00
3.626285888886248809e+00
1.753798213073045398e+00
2.337177958458212412e+00
1.665368461202390682e+00
5.306176825803541330e-01
2.191087260741320009e+01
2.481087234582169121e-01
-4.922968575790333257e-02
2.106569899542071883e-02
-4.021716945940091437e-01
5.478507977299574838e-01
5.693808740063577983e-02
1.819416128899009333e-01
1.017968571703140729e-01
1.133816097492811176e-01
3.832256597942661214e-02
9.618447762632427456e-02
5.364451268597315803e+00
1.742643070599052546e+00
2.662565320144003045e-02
7.517222041250986031e-01
1.532780473218110728e+00
1.804852433447850027e-02
6.550953421705308921e-01
4.972704492148312394e-02
3.374535923464130338e+00
5.602502433624022338e+00
2.164989371997892986e-01
3.560256516757465128e-01
1.677176502844374140e+00
7.621177811313484263e+00
1.668853256714346867e-01
8.075799025840426637e+00
1.347046504550302171e+00
5.364451856508169136e+00
3.133078772686006541e+00
3.120559695531177180e+00
9.613526347463328126e-01
1.764217495271170333e-01
-1.971220021002655365e-01
2.467458255545594614e+00
1.534343976765342732e-01
5.442015256475728258e+00
5.160377247301396048e-02
1.134982148382807088e+00
6.996704095384554956e-01
1.894160811550157586e+00
-1.681971410669209355e-01
2.623677768731835780e-02
8.386588685987611536e-01
3.299247892788202963e-01
-1.376706204380674647e-01
-3.559706079703064407e-01
-1.627796453039643820e-01
2.536561277026141870e+00
6.997714410237140803e-02
1.712644979944825396e-01
5.154776785620978491e-02
5.694299397500021120e-01
6.645089791929668088e-01
-1.219962893434958784e-01
-1.877681473860838279e-01
-4.481174998761670025e-01
8.951401524502742291e+00
7.319828571207548151e+00
3.447508728162708425e-02
9.821711400358646316e+00
1.188787327642281610e+01
4.212756482810190661e+00
1.005023695187649668e+00
-5.006535011320541878e-02
2.878593581542392865e+00
-3.269781248408386576e-01
1.173209201955254244e+01
1.728835016086983201e+00
1.186160639679130746e+01
-1.671149814482262297e-01
4.595111781664327211e+00
1.648170707077000752e-01
1.139688306863810840e+00
-6.229101728123187520e-01
1.980320487903568072e+00
3.329535640247491268e-01
8.050070065348817749e-01
4.692625420958234095e+00
4.254573408974775539e+00
3.367803677378118921e-01
2.287615745289288405e-01
-3.554942938311929646e-01
1.148184739277636091e+01
4.429349989074848004e+00
8.023464193026841329e-02
5.112377262916846243e-01
1.111825728630959187e+00
5.436991499259051785e-01
9.761554773611536007e+00
3.773968177372835631e-01
3.728307724547109903e+00
1.479282702351289336e+00
2.208322695015600523e+00
1.496330426539863589e-01
5.136358938907841232e-01
3.763591063748554788e-01
3.339184529407749569e+00
1.173323029930120942e+00
1.584151920186302931e+01
9.036431846404507917e-02
4.553652584021813943e-01
1.182781923193395812e+01
1.455695902907371941e+00
-6.961131269027741597e-01
7.647148899343118700e+00
-1.273634759730481458e-01
9.985664494583357254e-01
1.236516072375543951e+00
1.223434508137016596e+00
1.239678277072217699e-01
1.955491772591060951e+01
8.517385228831538813e-01
7.728772050634963309e-01
1.145089901072662286e+00
-2.011105882777290410e-01
2.646928876996734181e-01
8.047873581273486954e-01
7.901755723571060042e-01
1.562964324259690008e+00
1.662032068179773558e+00
2.282958493989828863e+00
1.490704868129875127e+00
-1.277334758013831395e-01
1.398211669921428202e+00
3.376070467428561872e-01
1.383445669461577765e+00
-2.644383750160583246e-01
2.530006943442245415e+00
9.308808476759715400e-02
2.324795659770620748e+00
2.141998627698197932e+00
6.329217954784547295e-01
8.986278147394164417e-01
4.977034772736392831e+00
3.112893501605660251e-01
-3.468831895790251973e-01
2.901091340073105318e+00
6.365320270277379233e-01
1.060341267425099376e+00
5.773727058363697928e-01
3.787152001617331565e-01
3.621915146710397160e-01
2.032437892831836512e-01
2.647448915308657780e-01
2.536782715216279183e-01
5.444450017771627071e-01
7.957809837031015743e-02
1.605918489007255978e+00
7.386742164293577106e-01
5.144838997461464308e-02
1.810328278932655799e-01
1.373717499859716806e-01
1.278370016296246914e-01
3.480064585426858037e-01
5.538294464957992380e-01
1.315040255534730140e-01
2.260110832139830203e-02
1.325286777434552150e-02
-1.455266805063704094e-01
4.358408455680511800e-02
-7.267100807777244695e-03
2.421265427661137837e-01
4.420226942609024184e-02
1.308494090781543717e-01
5.547685605670693576e-01
1.815276419476724856e-01
3.812641966733000543e-02
6.108045449966151841e-01
3.272836205010191679e-01
-1.673636781061357548e-01
6.002130373516437745e-01
3.948653072710660794e+00
2.238047242116651070e+00
1.635810829947883516e-01
1.570317731418961749e-01
3.995801327105339557e-02
-2.667744384997112750e-01
3.031534706166485460e-01
1.482907196922591264e-01
9.393410496286534739e-02
2.337539846606115290e+01
6.988058505352751304e+00
7.263870671830351122e-02
-3.377866860134916549e-01
2.933365655358008972e+00
2.091084467221765664e+01
2.202310067823690076e+01
1.015365590863770606e+01
8.279934475102427305e-01
2.516556499364147381e+00
6.472466757995337661e-02
8.766379787765451681e+00
1.462659340901600186e-02
8.626637974613469595e+00
1.694211134174397415e+01
1.756174253696863585e-01
2.491955177162978430e+00
1.251966615102582947e-01
1.934020000337957734e+00
5.251682470939932346e-01
1.280244913702025533e-01
-1.349138618619134533e-01
2.211124151826275586e-01
3.810735800982291721e+01
-2.648744896168738761e-01
3.810336712199348663e-01
-2.324050783932073982e-01
1.461338082857339016e+00
1.050199404297671713e+01
-6.749079755625114752e-01
-3.182425268254160389e-01
7.649527012076701160e-01
1.444255539126668673e-02
2.573650596471033225e-01
-9.778471969382207529e-02
-4.417056110561743409e-01
7.175276699506923928e-01
2.695220248460239176e+01
-3.658885907413365057e-01
3.377130293961712937e+01
3.909291607397227253e+00
1.533043578708661869e-01
1.862742204776268551e+01
9.345668130252460237e-02
6.797365274142118663e-01
-1.906268391194319012e-01
9.191855625115609163e-01
2.003270359269885281e-01
-4.152801268626296616e-01
3.951294333956792304e+00
2.463736836503226613e+00
5.946157765585095234e+00
7.669136841527260939e-01
1.827561521620723273e+00
2.715149588029809546e+00
-1.949233549377134556e-01
2.219994368012580960e-02
3.951294110751727651e+00
-3.414206030670595138e-01
1.963645737687952364e+00
1.147970599024194271e+01
2.980715561356630960e+00
5.001952099823093967e+00
5.543529333992643693e+00
4.022989921927200285e+00
2.876257024473591883e+00
-1.600856492267317965e-01
-2.750536691838576520e-01
5.333974932058082707e+00
1.984079454120115438e+00
5.682274712024242280e-01
2.557799600847946997e-01
1.627428686503224475e-01
1.578630466247315234e-01
8.664475095842323615e-02
1.507111823021759500e+00
2.036440463058039718e+00
5.211339986579784922e-01
2.978495253240327045e+00
-1.495784840833892515e-01
1.444505132733066022e-01
-3.665586032211242112e-03
3.316498986196336068e-02
2.416885659451513568e+00
1.389433677286657787e+00
7.601146607210782502e-01
6.818436005411868117e-02
-3.864428447509176134e-01
-6.769394923224320015e-02
1.810182085765342563e+00
5.197904596954480150e-01
5.507567512066538384e+00
1.646243787948488357e+00
2.153121808667432635e+00
2.137382913755171421e-01
1.558669416547065367e+00
-2.963653827054013035e-01
1.915544087192213030e-01
-1.722705431371456264e-01
2.693548437215882441e+00
1.640085783733062075e-01
2.123201242320864879e-01
1.557276945309082672e+00
3.808748709155430623e-01
-2.844253738356757322e-01
3.646901280644462950e+00
7.259809002589988403e+00
1.934856072454580744e-01
1.130665740029680677e+00
3.377766698671694989e+00
1.082290072925579105e-01
2.490198733628138650e-01
9.794554739043276337e-02
-2.873361962667727032e-01
-3.954092869149112843e-01
2.427821571462162320e-01
2.907702034721748152e+00
2.109590724242449866e+00
8.421635271960097036e-02
1.081210326412002792e-01
2.323873484982745541e-01
7.773419566892622257e+00
1.911663762807737366e-01
-3.324419903573863633e-01
2.628882952202131751e-01
1.051427713701457600e+00
2.840941994590829855e-01
-2.658734773196162401e-02
1.293878111360260430e-01
-2.648721694733290402e-02
6.101504968417112984e+00
1.283841942845065809e+00
1.921530961498833512e-01
1.176029800422539795e+00
5.642905624479021415e-02
-1.701311020654296957e-01
1.709779398260995009e+00
1.644492501051105782e+00
1.955643637327497963e-01
4.299583495436831715e-01
2.427318876771777933e-01
1.443911432649489512e-01
5.864654615506308399e-01
1.526304452078713070e-01
-2.578181209663986673e-01
4.443776670848884058e-02
-2.014457862896646689e-01
1.496986675314330717e-01
1.516849652007251359e-01
2.276867581146208019e-01
7.898346102530684476e-01
7.035072130773885324e-02
3.032126392330346309e+00
4.859498083514143807e-01
1.549116732464505750e-02
-3.110282691584823067e-01
4.574167643074219386e-02
1.547798712864210557e+00
1.338187742400296087e-01
2.039535599370010388e-01
9.954795431169133346e-01
9.595679918899679972e-02
6.428944371674939762e-02
1.165861479054329936e-01
-5.359714327217521973e-02
1.138207108601232864e+00
2.214894665073913194e-01
2.493485889052977189e+00
-1.064542428873831992e-01
3.305452836015880802e-01
1.816793284022454602e-01
-3.814730353103445992e-02
9.627671788898009009e-01
5.166523268124301183e-02
4.761785198370531956e-03
-2.570722056369604824e-01
5.875342781625136901e-02
3.221724574590108525e-01
3.161517582795844383e+00
1.808199281750847209e+00
5.870976589595513356e-02
-5.465502183807116054e-01
2.719565311458296830e-01
4.376142908658591651e-02
1.421141367409977541e+00
1.402878250323609521e-01
4.920282046568868334e-03
9.910941087454634701e-02
-2.928490470298838466e-01
4.127797985750024101e-01
-2.712081983180142930e-01
-2.542725908748993957e-01
5.924269622264117380e-02
8.136380472095403049e-02
-3.408369372749538440e-01
-1.145811256302411985e-01
2.068283960816905132e-02
9.921707768351689660e-03
-2.905041776968943501e-01
8.634316572461583350e-01
