5.355588293685780599e+00
1.971155403040797172e+00
3.377516597759771599e+01
1.183102732659419898e+00
7.186846412622818647e+00
2.786128663312369969e-01
1.233283368602964103e+01
4.386147846137207762e-01
2.205639466606902577e+00
1.790470125762652387e+01
3.531422104731356981e+00
1.479237257823560370e+01
-4.123044415570784604e-01
2.794184871476955490e+00
1.216150205129114248e+01
1.705467361783169622e+01
1.565558153446553469e-01
4.183498829243621764e-02
8.712482288064231639e+00
3.570488685028597331e+01
2.509716844185816864e+00
5.821518406418330294e+00
6.921893432667371115e+00
4.190145211192404795e-01
8.975128346000035284e-01
1.175752719613773895e-01
1.460116225639567666e+00
2.397085035296540667e+01
1.441265320702919617e+01
5.975112408302180711e+00
1.911873159669411626e-01
3.137524064623305353e+00
5.773586571331756900e+00
1.343994905435492937e+00
1.281204919213950788e+01
1.573616888025745064e+00
5.370521130254480191e+00
2.224809958355080219e+00
2.254818051201229190e-01
1.978004156482359388e+00
9.068784660428046429e-01
5.277817406838749115e+00
3.565041035381025236e-01
1.364894585600246180e-01
6.486138647820043346e-01
9.676068344498160556e+00
1.572458425767215928e+01
3.732502059836424024e+00
1.156258495875371750e+01
6.792552073639893662e-01
1.141120085259308681e+01
5.599431996451951221e+00
6.288797639738196388e+00
3.976022776639261291e+00
1.142088080548731455e+00
1.768323032781372106e+01
1.250388573444583251e+01
1.216694209161053086e+00
1.874852429816720178e+00
2.565440452350977729e-01
6.649435142313733671e+00
1.106373595607680826e+01
7.909181163986443330e+00
9.017152031886309871e+00
2.268151403485278195e+01
1.439248471279746511e+01
1.292682812273401094e+00
-6.364041074191327529e-03
3.463219352839705500e+00
2.326677510581173891e+00
8.483868896694905792e-02
6.514447428953588748e+00
1.224720115616943605e+00
2.851835959509709251e-01
1.739653985945637515e+01
2.462413173668297262e+00
9.216598984789346360e+00
3.521444867384336597e+00
6.569291686509552974e+00
2.298124138134184147e+00
1.126828642677361891e+01
2.518272684475897805e+01
3.274403511832634450e+00
4.335514978542965858e-01
2.074012367860639117e+01
4.373247989963569005e-02
4.022900821086557444e-01
6.118256677674847488e+00
3.330731295071037934e+00
1.518201511478236787e+00
2.014657795008379182e+01
1.803876557167739092e+00
1.223766737589715703e+01
4.551878740549542002e+00
2.336417322469346858e-01
4.096173442503983075e+00
1.007778157110600148e+00
2.016169339095256419e+01
6.507097022601749714e+00
1.654560400892736372e+00
6.327218358939944443e-01
1.634694026934310074e+01
1.985784586198055646e+00
4.200516160969946178e+00
8.409402720521548524e-02
4.793048479383416272e+00
3.964754584095065981e-01
1.797737622293877013e+00
3.143741860001908694e+00
1.394262991476949765e+00
8.327585894250858489e-01
1.804446382068417165e+01
6.935510226592940697e+00
1.639620131220572041e+00
4.852429231598918147e-01
4.943622365277846598e+00
1.098012523166946419e+00
2.910155772926963280e+01
1.202575334480877522e+01
1.955523547916621041e+01
1.671503111338315861e+01
2.504328373979006095e+00
6.063485910185439920e+00
1.164742837132819631e+01
9.928036334978820321e+00
1.519762088003894718e+01
9.605157732124360859e-01
2.441537170793868672e+00
8.396344177265016029e+00
7.708717227846523246e-01
-1.628903899096266206e-01
1.243899054630065226e+00
6.945150224179304221e-02
4.092337271598852078e-01
3.041509911151085266e+00
1.590442407848904871e+01
-5.310405317681522464e-01
3.430562232172868598e+00
-2.307442989184259330e-01
2.080861400324792143e+01
2.049414123105104579e+01
2.169834608287800837e+00
6.994625024369034882e+00
5.064145135648524310e+00
4.201732182301527452e+00
1.715174523399712880e+00
6.164746384152295811e+00
5.920429242844790219e-01
1.154273130033268480e+01
2.261981835224220472e+00
2.648053416047823916e+01
2.527996494064865818e+00
5.380537599607225552e+00
1.153552260046062727e+01
1.103678783209531972e-01
1.814058903109403076e+01
5.583974513353570091e-01
4.484201990575797936e+00
3.403008883635566306e+00
2.537891274118990736e-01
1.248265706371258688e+01
1.136391083250178013e+01
7.160377864020021299e+00
6.979252816425260963e-01
2.095805707095320658e-01
5.564954327278389457e+00
3.966506712953638214e+00
2.318042708357817450e+00
6.943189685132182543e-02
6.491148809796526642e+00
1.171815213019216095e+00
2.680802642031380745e-01
1.318697287062134127e-01
2.017407667039946770e-02
1.163513357248720625e+00
1.958703874153645330e+00
3.037594142440990241e-01
3.609701531124046792e+00
7.631881210710235175e-01
3.194581766197832184e+00
7.769295870388616132e-01
8.574607211941576157e-01
6.909052375226757192e+00
8.326474898910426470e-01
2.079177815839952981e+00
-1.770052008531700916e-01
1.608751433645073003e+00
1.318970219626857787e+00
1.756960118195036724e+00
1.702248860378672290e+01
1.430794150236856854e+00
3.197754248680400480e+00
2.699617116763993074e+00
1.591091470390734841e+00
2.449217069326039997e+00
4.409538421921435969e+00
7.373641529650594606e+00
1.568605118337373039e+00
8.459537407525800261e-04
1.098493364477529433e+00
1.146467514789577180e+01
1.524702152679426215e+00
1.726564013722648783e+00
2.249587621342653776e+00
4.863770019283376600e-01
3.068229248946489629e-01
2.546296445928171615e+00
2.352883069176869291e-01
2.213487634549442085e+00
2.094866253483774976e+00
1.886146074501127856e+01
6.227364664030575481e-02
3.281241314936892639e+00
2.858652455982580776e+00
9.390980272854683619e+00
6.882827697550405466e-01
1.279015190886833864e+01
3.741764904792663771e-01
5.657525847073674896e+00
2.683429502413968937e+00
1.071351987252906213e+01
8.530343973777997135e+00
3.575467240066847019e+00
1.163750795668790604e-02
7.271042631106110932e+00
2.696774611224351137e+00
7.769444604202236704e+00
-3.920650483842347822e-01
2.262465671355264263e+01
2.789303623070015448e+00
3.121708854894424068e+00
2.344911955577595020e+00
1.036958831347885690e+00
-2.729878221159466323e-01
5.815804484873524416e+00
2.435793488527785211e+00
5.500847191148573678e+00
1.301817135859006136e+01
1.648561872324865618e+01
1.571781454112662235e+00
5.983209220213374369e-02
6.594748585747202796e+00
2.930242853303811068e-01
1.761235048837985673e+01
2.525956313964890043e+01
9.204778241118131143e-01
9.281113048660969422e-01
1.480816622504066149e-01
1.403198952906841690e+01
5.305926035249939471e-02
1.781357731234297193e+00
5.241911962447075579e-01
1.843657595144826900e+01
7.384265558321722267e+00
9.607437148323427767e-01
3.302123340575789379e-01
1.552761858296291209e+00
3.227807228192342670e+00
2.917922766414966951e+00
2.636241550641156284e+00
1.732538943816006816e+00
1.094769200566595480e+01
6.529429754751477688e+00
1.137717282643168026e+01
1.583833748969133426e+00
4.578145013744790326e+00
8.239461984864341559e+00
-4.066946916486928743e-01
1.870096580896588367e+00
8.073172862428158680e+00
1.816497483467022223e+00
1.578607610956706542e-01
4.594944034849388070e-02
4.616223587746319801e+00
4.051379027142107958e+00
2.780282031452222569e+01
6.865648876569916403e-01
3.190733471485791561e-01
7.695788465677859236e+00
2.028379839765446491e+01
1.124096685310251642e+00
8.109428625018125558e+00
6.423182198212463945e+00
4.284044766132096282e-01
7.685058197671653657e-01
1.145898487812134725e+01
2.508341806240964589e-01
-9.128981736677443948e-02
1.593636765564448154e+01
2.053017349250041690e+01
1.744731449645836596e+00
9.636209248434612462e+00
5.180455510302285349e-01
1.731412597408343024e-01
3.030999721045258610e+00
1.573544249446479748e+00
3.567527013029731520e-01
2.436219146930764623e+01
2.735856418314837057e+00
6.875128965015015581e+00
2.651683870995816505e+01
3.179702414682392586e+01
1.429620477020742797e+00
5.308339822925390195e+00
6.326721241447500255e+00
5.562064979458694047e+00
7.161580278186194803e-01
2.839043172719217267e+01
3.337008270174948166e+00
1.554456009246093284e+00
1.634093206414040989e+00
1.518602073881015757e+00
1.358192477239175133e-01
7.973908615768657171e+00
-4.813038825617424465e-02
3.047807767566457215e+01
1.074648476132193942e+01
6.344650743211428079e+00
4.165583901200002437e+00
1.914502753210316044e+01
2.086532501262880501e+01
1.523694883422410662e+00
1.489898216091259497e+00
3.113367910310205211e+00
6.245672755350774707e+00
4.319008032000528630e+00
3.321214990257722821e+00
1.688234032843863375e+01
4.868603414224373260e+00
1.290587075668931583e+01
1.260323003590260171e+01
1.528415881382113151e+00
5.504372129343869879e+00
1.831539045803015853e+01
4.468861262231568210e-01
3.256234145304158778e-01
3.622053468622050687e+00
1.203319183135138815e+01
3.777406550848779521e+00
7.390724655864640447e+00
2.543564168010947313e+00
7.160312925014038488e-01
4.994288460673960373e+00
9.316964133458400354e+00
5.318437152160865544e+00
2.009016940308947952e+00
7.299019463871430080e-01
1.279222033553686977e+01
1.330941556601111131e+01
1.290965236280241069e+00
5.571493309058094257e-01
2.392737159572133621e-01
5.140898718871134143e+00
5.994055233243263281e+00
8.669301340043116255e+00
3.500039175803848934e+00
2.600836448318574412e+00
2.252335701317389915e+00
4.304447522213294519e+00
1.721890276523881491e+00
3.681928854288130104e-01
1.983714377091705394e-01
4.465953348523616029e+00
5.466641518611738526e+00
4.655085062468844015e+00
3.015029063603632764e+00
1.431802958874204634e+01
2.010745279744747815e+00
2.263673779292395771e+00
5.213746403936839968e+00
3.130681353319772953e+01
2.534651663787086395e-01
2.189798999649770650e+01
6.004293047766705582e-01
8.764077839222020883e-01
4.042757722047741163e-03
3.142866284892642970e+00
5.289581631627571667e+00
3.303126045833868574e+01
9.912486091478047712e+00
8.515362321138399970e-01
1.155042892861446191e+01
3.286918391180558285e-01
2.150921168964777408e+01
2.486513230258938112e+00
2.964496728628361666e+00
2.668353031327959979e+00
2.322550749006964399e-01
1.845370487577090657e+00
8.151330986714231841e+00
2.944508108034545657e+00
1.038562812831957416e+01
1.729992528915705208e+00
9.547196772005522192e+00
1.874186704981989848e+01
1.112417931436333163e+01
9.010038183291818825e+00
3.250122596405160547e+00
7.634756306432582740e+00
8.400956409415585857e-02
2.176357461321889986e+01
4.098684367376860038e+00
1.934148278431237244e+01
1.260036211817308782e+01
5.679803918370478488e-01
9.596300831272651877e+00
5.580951720098035196e+00
7.818632479221061082e+00
2.890364493175237470e+00
2.115942738518869215e-01
1.381791099496111919e+01
6.070106827178629594e+00
7.899296947867874563e-02
-1.689840999412487166e-01
7.067147005683240835e+00
4.325900441622382298e-01
-4.849654598157707858e-02
4.502685477772137901e+00
2.736734210092472086e+00
4.809678936431918572e+00
4.583769786981815919e+00
-1.576742908929764098e-01
6.264116984457671400e+00
9.425722555000968228e+00
1.151540106983604650e+00
-1.059029106622019489e-01
6.669408667688438985e-01
5.926171412519226633e-01
-2.712243468036891758e-01
1.327921162084067674e+01
3.676108365632548836e+00
1.133308103883835738e+00
3.367536747191061863e+01
1.069382523274182928e+00
1.545264623987701214e+01
1.265734918498415823e-02
1.540229299179713784e+01
3.698594691380894250e+00
2.150424045475665569e+00
1.824428280888347231e+01
4.095917183840325770e-01
2.427819894781361754e+01
3.625167836427251600e-01
1.146354896469758078e+00
6.748148755679213906e+00
3.426010742795921438e+00
5.349564720343641389e-01
1.161961372410064808e+00
-3.183501998164068869e-01
1.189488961950023294e+00
2.494067739122594940e+00
5.462187196469343586e-01
9.325219001874451408e+00
1.562979290289269940e+01
1.710282581597086127e+00
2.701103326668011917e+01
1.237601374512505847e-01
2.618574337881851011e-01
1.054853162466798189e+01
2.346249173412885369e+01
3.411037668246645893e+00
1.159612030180875664e+01
1.342364333672782628e+01
2.450412468421309775e+00
9.376413383745607177e+00
2.213228454997131678e+01
4.324478049938436541e+00
9.879027818219322521e-01
1.177537274252314958e+01
9.948946944659946112e+00
3.291290844488957479e+00
4.988720198038870679e-01
3.723722636310560219e+00
2.055175458980254000e+00
4.687913560990598860e+00
1.914981760621186746e+00
8.600242523416351537e-02
2.093296417741359505e+01
6.593754122071627144e+00
7.145829831177020530e+00
1.307458786372927007e+00
1.702617084465279040e+00
1.100525010274168575e-01
3.120208493470625299e+01
1.156193570827843686e+00
6.172569387859406120e+00
8.501129624405001195e+00
2.602201321420983149e+00
7.143217631059182171e-01
-1.237063119724676058e-01
8.174934761551663209e-01
2.654197824819533480e+00
3.139531084016939921e+00
1.988639986538755977e+01
4.414624835318195828e+00
4.429201719976379792e+00
1.636761511653982382e+01
2.506456389916735716e+01
1.243250807841701777e-01
6.595627198920053225e-01
8.308059235792546460e+00
4.650530647346400315e+00
1.983841237898875232e+00
6.263514809978204312e+00
3.275723510584536591e+00
5.524560845762853667e-01
3.320951596313229892e+00
4.965613387771475651e+00
6.428777752904353271e+00
2.961277613030679934e+00
3.597434320368606553e+00
3.205479440702984295e+00
3.391188955534407246e+00
7.598070822445038841e-01
5.763256902629647627e+00
3.311793770977195184e+00
3.160365847078025325e+01
8.979735845879298628e-01
2.097402978612396218e+00
5.473234000204146854e-01
-3.324728394266351916e-01
8.565686379028051300e-01
2.556340984608453493e+00
3.547947213785879939e+01
6.866173948497128476e-01
7.311674927427236348e+00
2.004495207170797322e+00
6.500556498223859947e+00
4.617871591985170276e+00
6.420232138068712402e+00
2.990582971333962004e+00
2.468928374694951897e-02
4.283838136849829059e-01
1.300472128091743951e+00
7.377667230268566634e+00
3.859685386943264018e-01
5.971632110610184618e+00
1.729985756458886215e+01
6.117036241146366571e+00
3.389830319222667310e+00
1.070298619206591439e+01
-8.071212614488076226e-03
1.663583972391274035e-01
7.953936656185307541e+00
5.682883382429915642e+00
7.898094982520275087e-01
1.265488559333283547e+01
8.622834815799896191e+00
7.491206318920753393e-01
1.123778061572798581e+00
2.142909883413527616e+00
1.059109571302149000e+00
2.536284966022419152e+00
3.014607218531792920e+00
1.548514241351018672e+00
6.133775464379641607e-01
5.417361389444189657e-01
2.273957703300272915e+00
1.049814791474653003e-03
3.639194296227781678e+00
6.406491155921390401e+00
1.234670007161513317e+00
4.807809754097339905e+00
1.939112012160317633e+01
3.461673927414138774e+01
1.163355656587029774e+00
3.215142584725359409e+00
4.357848146714104587e+00
8.441976556489058092e-01
8.312173953274331950e+00
3.164271908568959901e+00
1.674715005706596571e+01
2.747636546562801652e+00
5.584433769632604516e+00
1.530344844533797932e+01
3.765651142498155912e-01
2.878738037906232727e-01
1.402454388412220920e+00
5.389028818480359639e+00
2.370533669883934547e+00
1.994432194731787344e+00
2.257200947172270655e-01
1.233435416630071169e+00
3.045841070846646659e+01
9.089626983152251372e-01
1.306918434146934338e+01
5.677180513421272501e+00
4.019225251930046205e+00
1.512918640564208062e+01
3.811918688210159667e-01
1.147479028798353440e+01
7.878133439248619752e+00
1.009059520168894686e+01
3.915995200322385794e-01
9.421113723065396073e+00
3.339922701949809003e-01
4.093243248817049817e+00
1.404701747330219952e+01
3.454073442024834240e+00
5.138081180052543606e-02
2.513234807166913853e+01
-2.418481648208349877e-01
1.235606693756024166e+00
8.133433288743161071e+00
1.157483155243133055e+01
1.891176867329702915e+01
9.349236764815078260e+00
5.695074403068601576e+00
9.994971857219433486e-01
3.098653534997201642e-01
8.362884240297641103e-01
4.885804423086385739e+00
9.845374714841982566e+00
1.255654393861662221e+00
-3.808107934637372516e-01
2.070147693693825952e-03
3.191848822986534939e-01
4.531191625991607630e+00
2.165502545589575689e+01
5.820541811029016355e-01
2.109763037072776015e+01
4.698676698544870689e+00
4.924240618662472091e-01
3.566408833579626236e+00
8.463064676439566725e-01
1.656300849487805493e+01
1.211670916991858249e+00
9.028065977841226442e-02
2.351585819965770430e+00
1.103461274210174103e+01
4.602660714129023667e+00
2.648984667266801041e-01
4.894395600600986995e-01
7.825100591155536023e-01
3.044091828189068316e+00
4.110144411621099003e+00
5.200021968406197403e-02
2.346299482858370755e+00
1.608028295784500683e+00
2.126545088039668840e+01
2.118480515389485674e+00
6.713488170916200204e+00
4.679887220394289393e+00
1.103645079667042950e+01
1.282823388907919160e+01
3.477219698980487106e+00
4.105720745544611638e+00
2.736202187873847169e+00
1.265218663734010374e+00
1.223834039660161244e+00
-4.702127688935953675e-01
6.594995979821952403e+00
3.361068069941555336e+01
1.888313173977474335e+01
1.688016051263427286e+01
1.523198820510065055e+01
4.395400432446014416e-01
2.066433866356671256e+00
1.038709805004754294e+00
8.036222320446213985e+00
-4.155038464998374592e-01
4.916927270287241747e+00
7.632001445519170701e+00
5.229647042921087952e+00
1.819930803334832481e+00
2.951279913435334024e-01
4.415046405754162073e+00
1.606874121947163558e-01
4.591333327049708757e+00
1.116363842757361269e+01
2.048233246012052078e+01
5.324796322604087306e-01
2.176285127060502944e+01
2.034609933225270062e+00
1.165781695232190707e+01
4.502674957083216079e+00
3.863464052784932434e+00
2.815378943226952702e-01
2.242979466931537047e+00
3.499740547517664169e+01
5.611950760253735515e-01
3.659371183705537156e+00
4.405982629692804409e+00
4.772329690716728412e-01
7.165278718381203227e+00
2.177119882323513522e+01
2.958758160934491510e-01
9.200133789338607926e+00
7.445152376482954359e+00
1.458284477093247267e+00
1.373716500257068240e+01
1.527430641170068659e+00
1.626809150722057495e+01
2.810630873585138190e-01
2.042126701207175099e+00
1.599334263001612300e+01
8.835751399595130451e+00
1.645955420073082465e+01
8.289947011058661275e+00
4.387415760802676701e+00
4.811566705737895688e+00
1.491666752528914586e+01
9.372870143468739812e+00
3.947211010355011762e+00
1.450271625940379394e+00
5.878038565702308205e-01
1.684338730076245239e-01
1.564390508951721825e+00
7.243711296498824836e+00
1.252574347164732416e+01
7.603871680324670868e-01
1.420287233406591687e+00
-3.795767677091320125e-01
1.705586879679564305e+01
4.193840928802763379e+00
1.508473438437028635e+00
2.236816650360592629e+00
3.002912214172132721e+00
5.307087208942959933e+00
1.028409275326401667e-01
1.844625286375595419e+00
1.204390190345792533e+01
1.291435881794625040e-01
4.504767307368710227e+00
8.760514336362911214e-01
7.325943016965898558e+00
8.280056086950219330e-01
2.163842724667835338e+00
1.016716186715954207e+00
1.198615353088347657e+00
1.682907560267481983e+01
8.397758556276817998e+00
5.715681487949913375e+00
2.402731465313673986e+00
1.161906946016249265e+01
5.745397976740114210e+00
1.454288115263287384e+00
6.201869592041341583e+00
1.765185174593131290e+00
6.222316202122438078e+00
4.737293870947940078e-01
2.493777145430762232e+00
2.774669845100755650e-01
1.269486405558836140e+01
1.984853077572889535e-01
4.291757590960931346e+00
4.407632482357498604e-01
5.746947249126798773e+00
4.914630627012832598e-01
7.243985509905643383e+00
3.143068512478372512e+01
6.666185597124280049e-02
4.345490900855794592e-01
3.386680769076286235e-02
2.554379966415697112e+01
5.743693269134561241e+00
2.439773886004436232e+00
2.581110461878659113e+00
3.295901304034129620e+00
7.308378654029363819e-01
2.727224036742100566e+00
8.503235886842493152e-02
3.692433670511232613e+00
5.990031275373117747e-01
1.261945253238305406e-02
7.781123484474885998e+00
6.599929061289370402e+00
3.718225979472799025e+01
3.325420251464127119e+01
7.808910122125919395e-01
1.066594475605473269e+00
2.283923257055625555e+01
2.413288848819766841e+01
1.315886835568479896e+01
1.195758702831162257e+00
4.913621494455421512e+00
7.344696703750440703e-01
2.946346357434670438e+00
9.590869448742243009e+00
4.660665107295804077e+00
2.361277815415662840e+00
-4.489911484720923718e-01
7.228599894349167165e+00
-8.189271934757497151e-02
1.209287024021025481e+01
8.397082908190778738e+00
1.143909139609948866e+01
5.687173716625274489e-01
5.169239081620137455e+00
1.362820948991251002e-01
4.521155056357007318e+00
5.817115303123148173e-01
4.053607322671997082e-01
8.920580357463087084e-01
6.405506588443903304e+00
2.443902603052053735e+01
4.267034637060332924e-01
3.719203232024920869e+00
1.095155791144455293e+01
2.180654166564735519e+01
2.855533754679047687e-01
5.714672728131882096e+00
9.671792479006809273e+00
4.789046717551665999e+00
2.984257228134132856e-01
9.066952606718887697e-01
6.903100233257450369e-02
9.864830313513737181e-01
1.408868664415537175e+01
1.255458207559545869e+01
1.331539576193207175e+00
6.895721160566068431e-01
1.925264460379125708e+01
5.460130973881911765e-02
-5.792474061541583868e-02
4.495349913437865830e+00
6.879588437042057081e-02
1.434483772496816245e+00
2.351677287397923255e+00
2.328448864420770370e+00
5.733586061899284547e-02
1.213228826303783814e+00
6.424349200477729838e+00
1.452375350443243507e-01
6.043896816253726545e-01
7.492698589250764485e+00
3.404684073694337343e+00
7.681131826604248758e+00
2.232693250227794479e+01
3.166602276509343383e+01
3.434901137426861761e-01
1.694335090757769446e+00
1.479289820400955691e+01
6.197393784857814225e+00
2.742515052442966450e+01
2.957276583591162300e+00
2.251378402295910242e+00
1.832851380189310930e+01
5.010900042889566919e+00
1.441296726440569387e+01
9.584182633653947070e-01
7.948792281259526860e-01
1.095498571829384815e+00
-9.082068958260534897e-02
1.177177430212528542e+01
2.009120391657922333e+00
1.001426748264215583e+01
3.173474867053065918e+00
1.553834833687902872e+00
4.553656092565936397e+00
1.865387440646654738e-01
2.053312874843636227e+00
6.777799092612091236e+00
2.784938802576676409e+01
4.160536194949463251e+00
5.266968012344620531e-01
1.711097248373784518e+00
5.662821104065814737e+00
2.691812770947313638e+01
6.459894897233766642e+00
1.163472870451747099e+01
3.965400314879715532e-02
1.911211632284233630e+01
2.524306473444990484e+00
1.053338132997568266e+01
9.428139993683148035e+00
3.653185087665922759e-01
4.301905968695554638e-01
2.170977146814931480e+00
2.779002802742983058e-01
1.540376615220300138e+01
3.094960658162813960e+00
1.588709378359676405e+00
2.120457950984156881e+01
5.330305482394247285e+00
-2.284118455207734266e-01
8.446607383445513761e+00
5.687562479500250845e+00
4.838634797893775819e+00
1.248617719057853181e-01
5.367015085727799395e+00
-6.175553667680201697e-02
6.953158466293012374e+00
3.796714939542340961e+00
2.356048878775987898e+00
3.153680848827076222e+00
2.345870960419561779e+00
2.206631516337453647e+01
1.527458369865296817e+00
1.454884846749544458e+01
7.983262730079511149e-01
2.973423608440145216e+01
4.920103332997101397e-02
-3.369022212305721187e-01
1.671308585970861627e+00
1.016126117329619483e+01
3.962548932809041580e-03
3.573790877973451519e+00
4.130144071695702301e+00
1.017997379320850548e+01
1.357664445402211317e-01
4.256864874247211716e+00
1.721771966916886942e+00
2.265947975329727360e+00
1.623039535490705987e+01
7.634434602357966781e+00
1.662271411077274497e+00
8.014979688424228588e-01
2.729473200252605736e+01
4.398726917933706848e-01
3.687424640131547360e+00
2.134557285454392161e+00
9.862599005758383441e+00
2.862447142820136570e+00
2.348175258436268464e+01
2.814823004625982783e+00
3.099649005918110323e+00
1.171718772941951769e+01
9.165237294611692370e-03
1.644091806510656451e+00
5.503401691726076628e+00
6.558260132572184986e+00
3.370485934999433830e+00
2.310548719312278454e+00
1.537181301884672990e+01
5.780478209359431574e+00
3.889747149462642550e+00
5.631323816933371251e-01
6.045016141221533523e+00
4.722509665133217682e-01
3.322963212125471966e+00
1.671091193316215584e+00
-2.808674469938612916e-03
3.037069647451063337e-01
2.873568880998287156e+01
1.758811849130970384e-01
6.660550694078503087e-01
3.339254386826794319e-01
2.645010507969441260e+00
4.390637937241077537e+00
2.270058563694785647e-01
1.880999846380537188e-01
-6.896095845130674196e-01
4.232575076368578770e+00
2.283398113991601530e+00
3.981995086263203198e+00
4.142071272611031141e+00
2.309931224319640108e+01
1.333247267504129585e+00
6.288407066958416891e-01
4.485766147739962406e+00
1.188232072083757807e+01
2.877244943392873289e+00
4.768973676110155324e+00
2.914484462703173850e+00
4.799019478060642996e+00
2.711327033601564462e+00
4.346241986676842028e-01
8.148510129260429835e+00
6.765936002370550817e+00
1.601411048988554908e+00
1.634106093507386248e+01
1.958385422544723298e+01
1.003088781175226485e+00
1.800265888198643860e-01
3.128103426172919033e+00
1.552371952656993681e+00
4.866369778856808992e+00
5.369077172747019233e+00
2.265561799488531758e+00
6.672329464842398750e+00
1.871060832215950143e+01
1.029151369378810799e+00
8.871131245989309022e+00
1.021194344811775290e+00
4.494734389643346262e+00
1.286538236703557558e+01
3.556899089770387157e+00
2.129118525358675384e+01
1.235579697399804822e+01
1.702437096351838708e+00
1.009524161400206621e+00
3.645230833150044258e+00
1.368861262242060661e+01
1.477417287603279616e+00
2.250799347222232960e+00
1.092776179981848950e+00
1.881917013935110106e+01
1.436730842042822365e-01
1.230742571107982819e+01
4.862331632430620054e+00
4.937883799305364807e-02
1.933669606562611998e+00
4.526864602559169115e-01
2.412335035498109459e+00
8.218984931768247293e+00
8.667199710488724396e-01
1.505359602751624593e+01
3.738571319172597551e+00
9.943911532061608938e-01