3.666446202485829087e-01
4.946219868259364993e+00
3.141176338700008230e+00
1.374373846576520952e-01
1.472866510632480264e+01
2.316147278605154902e+00
2.254561870473210383e-01
2.054629420016091501e+00
3.559436637670416181e-01
8.981216220322432164e+00
1.024507123922905016e+01
4.698578988930576794e-01
1.388541901819506874e+00
4.669152344610498218e-01
1.910431654335695839e+00
6.933767231233350925e-01
1.931712850084861544e-01
4.301394710503264052e-01
3.256602115986705348e-01
4.658096193821975040e-01
2.600483306820062790e-01
9.976622911241896097e-02
4.507150754901794176e-01
2.653314245915712188e-01
5.712035331307810937e-01
1.684985670831165572e-01
6.392932042886620425e-02
2.630287531083979058e-01
1.689168243858125695e+00
1.730255792525178457e-02
6.868067015014878152e-01
1.648836452157692312e-01
2.366449059027581903e-01
5.414120521689694612e-03
1.065282828940410237e-01
2.944332197473091273e-01
5.122989817738312635e-01
9.891395635163943711e-02
2.008178729934399429e-02
9.891388481104006203e-02
4.170373781866203444e-01
3.808146058712149618e-01
6.702835965848091826e-02
3.871140892437622272e-01
1.685873290587519210e-02
2.720305648284429556e-02
8.574315943198669576e-02
8.934413672254723493e-02
4.171106624418739056e-02
1.958010527709517001e+00
5.448033781271605092e-02
6.594465404432385824e+00
1.056673959554354364e-01
1.585375560012748652e-01
5.180074120949580002e-02
4.038139583928686271e-03
9.570020874697670894e-04
1.974287511263026484e-01
1.176510597121462470e-01
5.250604302803785206e-01
2.843376900313687727e+00
3.463621111574808481e-03
9.487219347788784063e+00
5.412786981300075212e-03
4.902663985749039499e-01
2.469770552432716884e-02
4.896908690839870499e-04
1.284020358099414505e+00
1.229883927087697081e-02
7.683471070169789474e-02
2.446110362303767771e-01
1.459516426785994504e-02
7.654259864346382169e-01
7.020615814060081616e-01
1.263295974670001209e+00
3.831113398727168939e-01
1.728205438744050193e+00
6.323205715252075976e-01
2.656709925849951581e+00
6.532206757410210507e-01
6.022352696579718057e-01
2.846457105201487536e-01
3.693441504441274947e-01
3.349048898584657596e+00
5.995831104192942407e-01
6.859957951918010943e-01
4.541375787377765483e-01
3.270874849437270804e-01
6.114283560204235579e-01
5.167445232991512150e+00
1.562217202930849647e+00
4.759466326591269336e+00
5.784501911264304796e-01
4.478546325669690020e+00
1.262589920233249674e-01
4.478546381073170934e+00
1.592506457591279234e-01
3.331359004504348964e-01
7.020608689215990239e-01
1.320881868256238656e+00
1.741027046052169569e-02
1.191364500046372399e+00
3.771070914700100030e+00
3.645765277312774444e+00
1.591990522537961583e-01
3.076565520904606110e-01
6.106400074217083196e-01
9.396536468639494766e-01
-1.128262559357762207e-01
3.067144079915210542e-01
-1.835980280507753526e-01
6.767062087711809282e-01
5.186235018584287731e-02
2.278410865398854124e-01
2.403531905529414092e-01
-1.151156863222143750e-01
3.308028603103913556e-01
3.672878548093539974e-01
4.994768666575228888e-01
1.345909467029679507e-01
5.317680120713110803e+00
1.330187509691891645e-01
-1.721028927905859651e-01
1.531440822623382436e+00
3.280796095626531406e-01
2.916639746690883328e-01
9.831074338545217062e-01
3.141532313839053292e-01
1.586592826091387243e-01
3.032109457088477678e-01
2.153634126573451102e+00
1.488303470585240040e+00
2.493129053833206821e-01
1.742463538850259619e-01
2.147172638756309482e-01
1.678810075190317053e-01
3.612787334534703021e+00
4.137864346004987426e-01
5.129824990072868740e-01
1.522712719039249207e-01
2.398783654510271701e-01
1.254265515823705657e-01
1.878683959390357594e-01
4.129926135602111636e-01
2.809900599676593114e+00
3.843182868747743619e+00
1.242941499453557919e+00
2.054171189630735750e+00
2.809900427053242833e+00
4.423472282237053133e-01
4.452551852500141738e-01
1.950063444776621857e-01
5.817150427167231408e-01
9.430613553150395401e-01
5.845820277498522399e-01
8.341771207661491730e-03
2.576213992162890154e-01
1.580638473879943051e+00
4.600519586874736166e-01
1.376914928080011091e-01
8.150193210182167265e-04
9.265909441423412218e-01
1.148930832865614760e-01
-2.774947303761626446e-02
2.478543009080061074e-02
5.421164320605186687e-02
7.459406869940259088e-02
-1.639636958407716671e-01
3.903375565340126974e-01
-1.705337720684427238e-01
1.703717730380787110e-01
2.978024269218108588e-01
5.863677410774280618e-01
2.895267062783679624e-01
2.595533684008516362e-01
2.092287681443904812e-01
2.821115929968235569e+00
6.738123995083145079e-01
7.598996266185398252e-01
9.943602476891740816e-01
3.531773669685617234e-01
2.778777418459671966e-01
1.500393424056915004e+00
1.338490682637842211e+00
4.308004245294737022e-01
3.858490071364080731e-01
-2.054814883898271188e-02
1.636404063943885934e-01
1.234464004342203269e+00
1.637034942232522272e-01
5.488484638918020853e-01
-2.675112112864422992e-02
8.217829190119649296e-02
2.355385241750541370e-01
2.734054907812179525e-01
1.600043515484403933e-01
1.600889225642414260e-01
3.573350607643737686e-01
2.420047618055713168e-01
4.783656703785919562e-01
9.038236343261567551e-01
1.433133604024644292e+00
8.532702779782124214e-01
1.031605853099126557e+00
3.366022189464266567e+00
1.827672315453313101e-01
1.720506507603227764e-01
1.064292419055617600e+01
2.900877492970052596e-01
1.804362150651504515e-01
9.773682877890282894e-01
4.673480868363228957e+00
5.695969891146139830e+00
9.410839492309944765e-01
4.375195138741609924e-01
9.598363870967684397e-01
4.026992418955160913e-01
2.516973068938495040e+00
4.729943532556428742e+00
6.058837098154031819e-01
2.763690201919126177e-01
1.796699153823830830e-01
1.920566797978838225e-01
5.319489785746435960e-03
3.452947509605246434e-01
5.539032004738523307e-01
4.730303945689204835e-03
3.405704427566499416e-03
1.843891001408226038e-01
8.402404111966899763e-03
2.981524375433663443e-01
4.678777964937833045e-03
5.287221575909012254e-03
4.047866161989653322e-01
1.252492941576358217e-02
2.143665095432621404e-01
1.619927521819663818e+00
2.596418471441455100e-01
2.929038813456220636e-01
4.820925164622091863e-01
6.133258000202244098e-01
2.149432260968837216e+00
9.130970216453718757e-01
2.094641588343759409e-01
1.331497833382921936e+00
2.306210611577237390e-01
1.898664200825474158e+00
3.595171860681450025e-03
5.310984341744061643e-01
7.560505529134087591e-03
4.286765036092617283e-03
1.117764029920066848e+00
3.756679790859754897e-01
5.531759147556239986e-01
7.066541609068828222e-01
7.232173513305437673e-01
-1.098770857742829288e-01
7.774383592543457344e-02
3.965840897927503494e+00
1.501941172576096717e-01
6.073805912551333286e-01
6.462219039389259512e-02
3.723384577934170103e-01
2.463963579844388740e-01
1.295209969170546260e-01
-9.274222660650914551e-03
7.183412911171138671e-01
2.844868118846649585e-01
2.299607428511070695e-01
1.062770516553680977e+01
4.266368668581383417e-01
1.298850539467127745e-02
1.314653256913693724e+00
1.889435602212500009e-01
2.040496447170393746e-01
5.083603362572506335e-01
3.713674225608039059e-01
1.603634343654160022e-01
4.604718151641283286e-01
4.304168502499210902e+00
3.888399461938449320e-01
4.673006831694663799e-01
1.020943020796862416e-01
8.836025097338899570e-02
1.864543417490794441e+00
2.309107922679229929e+00
1.550843035220443866e+00
2.541970164770651075e-01
6.514269055171415523e+00
1.828186332463170416e+00
1.470590892274594164e-01
5.094799213580321062e-01
2.309107465841325535e+00
1.053508910165904811e-01
2.924100967683843644e-01
2.489931929884275918e-01
6.805635651094690264e-01
9.757444356161278920e-01
4.744301462439417388e-02
2.809472393109231358e-01
1.454518380347345763e-01
6.546494146356892641e-01
4.743767465628552504e-02
4.063411065766316388e-01
2.728274540661158043e-01
2.320007326941206094e-01
5.038523108857694277e-01
4.743735150207247647e-02
3.330088482543085843e-02
3.774115955828216129e-01
8.741297994180619035e-02
-6.575846140192749545e-02
5.315627837194807359e-01
2.540953763641307650e-01
6.113754553205631437e-01
-1.293396385924711622e-01
1.807706883845297818e-01
1.628835580148965123e+00
9.037955727491256974e-01
-5.821111337384053674e-02
2.300817334458008512e-01
7.428086364618509130e-01
-8.708082733652594554e-02
1.458335373938293156e+00
1.973582933465983513e-01
1.564473537518438762e-01
-8.104056337582990488e-02
1.153859643824046266e+00
4.038582580256489862e+00
3.099947273304045625e-01
1.971482901843031946e-02
4.618754774125021001e+00
2.598837236823902108e-01
5.880385553601788495e-02
2.764814475354743450e+00
5.174301647998526654e+00
2.897733910087998410e-01
3.598493387006113653e-01
3.293334462922147821e-01
2.464167667136242801e-01
2.180868270822315380e-01
4.573005520575956218e-01
6.080567176086665304e-01
1.807588786273180093e+00
1.429873908391813941e+00
1.069992701149891090e-01
5.886795354229236166e-01
1.444404783876663823e-01
3.893997505847335283e-01
4.300435685124519125e+00
2.170802928033797596e-01
9.915502796404646046e-01
1.561726570719902119e-01
3.553278236888773867e-01
6.568572110836637945e-01
2.584579891510628835e-01
2.986420894558000083e-01
5.798070183192531868e-01
3.657090155255199315e-01
6.566940783834150919e-01
1.173871830245917097e-01
-1.223074568335633105e-02
8.937405648460326757e-02
2.208011800381278533e+00
5.963790518617005931e-01
-1.070068173812392526e-01
7.916306346807315542e-02
1.665883236161210368e+00
-7.790079178419283268e-02
5.868654670271432616e-01
1.353588477683991542e-01
2.328829410216032014e-01
3.763539891683515548e-01
2.498961118824488681e-02
-3.828574641757067493e-02
1.255652213879799861e-01
2.813156609514645412e-01
2.363264395944473795e-01
2.208012454113181366e+00
9.406962205537340305e-01
3.013431460379629168e-01
2.890868831193995625e-01
3.607340100330218013e-01
5.921028103769754303e-01
2.441246486796930237e-01
4.488075114131721000e-01
2.651389194092427237e-01
2.790986667314060421e-01
4.072387200240354943e-01
-1.184673684030786295e-01
2.049017608521231104e-01
7.392723996997606628e-01
-6.666744450672336397e-02
1.715369928200774496e-02
-7.002647337330898669e-02
1.945663355477206036e+00
1.621253651918020677e-01
-6.223482399933456160e-04
-2.735899681457820698e-02
2.810272834673183673e-01
5.739529809493143730e+00
3.292022545564703973e-01
1.022534597855667249e+00
1.688609813381344082e+00
8.365399523795226111e-01
1.108531523432948057e-01
2.499880659013684614e-01
4.599581919880827985e-01
1.216355285147838083e+00
4.095070868780848805e+00
4.034750254435253702e-01
4.110056223927645580e-01
7.049981358078674099e-01
3.970004969331368816e+00
1.025876957668272693e+00
1.383451716675195009e-01
7.714768812568904011e+00
4.441205864694630634e-01
2.425825971648993273e-01
1.345709124568708681e+01
8.027185665153235838e-01
1.138570344426259456e-01
-9.589761980557894028e-02
4.366706866511217977e-01
-2.387821313108029128e-02
7.973625708371412379e-02
-1.407209238430889853e-01
2.018468539403860118e-01
2.763939977444334617e-01
-1.454006158362535217e-01
3.701388274287104263e+00
-1.645785052885971600e-01
-1.701172025574028690e-01
7.466109410879581687e-02
3.120515554215866350e-01
8.804133067251218581e-02
1.440580445043926350e+00
4.947753825001535710e-01
1.957081656873875253e-01
1.170240368568824935e-01
5.257021868720102020e+00
-1.354738495228827999e-01
3.153186180075158718e-01
2.592967016792832036e-01
1.257548967670545081e-01
2.184781915662512009e-01
5.624594234440688512e-01
1.742804023056430784e+00
1.890034660952380596e+00
2.710025732013336963e-01
4.078990734285223851e-01
9.322984381440837964e+00
1.851320066847626844e+00
2.041084724350808177e-01
9.153725252770735787e-01
4.485944366930914029e+00
2.828464201196683181e+00
3.422091887101993413e-01
3.057604846690884504e-01
2.166500858485947756e+00
7.648027289985844135e+00
5.275196522220939599e-01
2.369929195459936910e-01
2.370022072930934032e-01
1.370542785299581956e+00
2.370021603275475341e-01
3.200779730361934250e-02
2.317206418179408867e-01
1.202417683246837787e-01
2.018633735683472263e+00
1.568377533751415198e+00
1.190640769897232699e-02
2.512866604563424033e-01
1.475086526747226845e-02
2.694151205307612762e-01
2.001793940107315928e-02
1.511080691296618761e-01
3.848397658801465115e-01
3.522581045650093334e-01
3.889833619938725118e-01
1.750396917245814254e+00
3.436753992979182937e-01
9.931041506640013450e-02
9.931055852542600149e-02
3.181310313330747985e-01
1.994605865195886008e+00
1.638146002684991165e-01
9.931033686933077309e-02
9.728418019381303017e-01
2.212109046388393285e-01
1.078938648950031193e-01
4.152091100676747470e-01
1.994023624187102106e+00
5.235170942119514725e-01
1.161857569129933349e-01
2.369854336723810906e-01
2.109209775849442692e-01
3.048209880184476160e-03
9.039878051056747799e-01
1.536824463881156788e+00
2.436858122213945987e-01
4.707303731762456089e-01
6.114083709850445247e-01
3.480665450761917523e-02
1.789264127055393561e-01
5.508845521169045689e-01
7.620563046748108915e-01
5.912866008899867465e-01
2.171652375039497540e-01
1.156789503501738300e-02
4.198547807866121612e-03
1.951146777453625081e+00
5.564170521961683269e-01
4.030325949430506038e-01
7.440475677350095740e-01
5.183053565700679322e-01
4.484968148200868532e-01
9.094326806033500854e-02
7.285352995650500041e-02
7.911886427972869562e-01
2.697595561122777541e-01
2.642690022210045786e-01
1.628790599680731907e-02
2.445352469613555069e-01
3.909896044813770954e-01
5.219651415761138447e-01
2.925872599183101386e-01
2.514857739196220687e-01
6.064235516464280829e-02
1.256840343646763690e-02
2.563583141345626704e-02
9.149024064114080756e-02
7.124459600496416134e-02
3.468880601893902793e-01
2.526474186497060792e-01
2.710237133038694360e-02
1.976927829709203277e-02
3.175148098756893078e-01
1.195888811519791595e-01
3.893739574490745481e-01
9.754864129124055441e-03
1.535596304311284688e-01
9.162542460991405235e-01
1.381667451211322784e-01
4.890412624985090301e-02
3.891574332604670894e-01
3.283822672458777681e-01
1.011908096620621533e+00
5.496625317173176040e-01
1.211974332988578068e-02
1.267019933652827335e-01
3.606948084828528328e-02
1.545627929686681570e-02
2.923629140167384177e-01
3.435354307931723916e-01
1.464869917207767269e-02
8.253445530144977171e-01
2.362893991418362760e-01
2.412458228013968087e-01
-8.409811760268134928e-02
-1.544555112113270290e-01
5.405766746067255379e-01
3.453987635985535098e-02
4.923500299334416241e-01
2.232481193962796984e-01
4.931235971163828724e-01
8.640663674752474196e-03
8.640467244357132384e-03
5.572105226493311303e-01
5.339710941454341997e-01
8.895114570244562480e-03
2.510010077478181945e-01
4.678217861183562448e-02
2.379925304153589771e-01
5.850367203098340296e-02
2.340868016180716604e-01
4.444725729434270134e-01
3.846850082782660163e-01
3.865793703692382843e-01
1.676929255187204204e-01
1.572245015577760086e-01
2.683383381963690417e-01
-7.629638686905096390e-02
6.258980993290849115e-01
3.356571759475998062e-01
5.339716452021607829e-01
3.892355853363807516e-01
4.734433792425152103e-03
1.366071436535817030e-01
6.264012672742236276e-01
5.367714814145495561e-01
4.482932941688141382e-01
2.325918217421092393e-01
-3.349938469232573591e-03
3.088435023443336647e-01
4.017810702858013450e-01
6.869560674677528400e-01
4.712176526892856813e-03
3.386225851249730773e-02
1.378110626214262618e-03
4.515739140391551998e-01
6.303915579169300010e+00
9.297709053546846514e-01
1.330223656439769586e+00
3.870047482844797271e-01
4.973017109588810936e-01
3.540592658687112260e-01
2.620151483649953983e-01
1.001032541635558770e+00
3.946974571012117128e+00
1.184304466462978045e+00
8.370796456907529048e+00
1.317623011563304081e+00
8.558562014699214737e-01
2.009310329356632785e+00
2.711841541223825036e+00
4.096079072865487447e+00
2.471178753708958564e-01
6.134866385986211590e+00
2.381594533300578131e+00
2.932957214564874682e-01
5.120457376058798471e-02
2.143976274583046515e-01
3.172233318958041504e-01
5.181102231587606660e-03
2.313788658221929140e-01
2.368495442797882988e-01
1.642702794125823137e-02
3.285856743009615277e-01
1.303814617307630819e+00
1.628120529586223553e+00
1.348903469363791907e-01
1.810618364043223016e-01
8.280048102404968802e-01
7.080440338058578975e-01
3.260138211429115529e-01
5.818433461440833732e+00
9.585162538345461461e-03
5.552141423870816245e-02
-6.254743614134018748e-02
-2.703563134153755265e-02
-1.884477192063665485e-01
-5.241475268866688242e-02
-5.667274942270554561e-02
3.467767628173515360e-01
8.412622785878806297e+00
1.012902152575805381e+01
2.215259906535947121e-01
5.289331807321847601e-01
7.595928673745122595e-01
-1.227545582462212098e-01
1.391014459434275485e-01
-1.401125884303517366e-01
2.422574592264445104e-01
-1.353144202581004762e-01
3.114505744936560960e-01
1.365023550362818583e-01
9.002219976405205770e-01
2.888742985294190824e+00
3.796064109486028681e-01
5.663527625961268797e-01
5.490359502525951285e+00
6.185112713608457158e-01
3.122357348827328738e-01
1.727471283348366582e-01
2.573597289161549395e-01
1.922440443331751847e-01
5.141013563920483476e-01
-1.685410625501136683e-02
1.938390254268249346e-01
7.053320111860857944e-01
1.512490671273549747e+00
3.733821163622881856e-01
7.494796826965047787e-01
1.916380558694107838e+00
1.105512595346360039e+00
1.885177347765923939e-01
4.885826860682669359e-01
9.907297734329281735e-02
-2.110597532693427730e-02
1.131763463241013540e-01
4.341926183333979505e-01
9.438305643879790763e-01
1.436145256694936756e-01
2.297587660154893352e-01
3.155799920064971675e-01
3.534506329806036407e-01
3.270502360013372023e-02
4.452441337762119700e-01
-7.043482456888044106e-03
1.688595095375870492e-01
4.054495783653463414e-01
9.055258105530952228e-01
5.818491772667871986e-01
2.711906399008145452e-01
1.581123542496705170e-01
-1.069989981863572887e-01
2.731121601012428401e-01
2.452036900059599289e-01
4.970012573088458847e-03
8.222543130020386615e-01
5.038833146975497002e+00
2.744093696924488571e-03
2.297589837600290397e-01
4.930565075530760621e-01
5.404521036373248766e-01
4.745993779945519853e-01
1.794895497148630836e-01
4.228796692752143649e-01
1.617975229136109083e-01
1.478408858483090116e-01
3.563653666745213444e-01
1.897965884222427402e+00
1.478412849527730166e-01
2.763491907312630724e-01
6.082735483288873590e-01
3.099795319288672912e-01
1.614882888263623473e+00
1.970784349376511202e-01
3.486581774960013647e+00
3.099790293848147527e-01
2.857926642753907953e-01
7.516966038859204113e-01
5.108035050841281954e-01
2.856182763243180212e-01
-1.966838052670865089e-01
2.235626304663729802e-01
-1.015118564105063070e-01
4.032889178061812019e-01
6.808663028824797347e-01
2.273139664040824126e-01
4.874680233182935862e-01
4.975902238863502691e-02
6.577557979792050258e-01
3.484566889111555543e-01
3.952403979096340628e-03
5.225240632624233994e-01
2.550930305590974959e-02
2.624458422187967432e-01
2.864526600583025898e-02
4.824119055389909927e-01
3.120146732895022201e-01
2.883707844285179206e-02
7.904155934918127846e-01
6.808669795086297327e-01
1.026607848628342090e+00
5.030161247511752420e-02
1.304537362228824993e+00
2.629920882911474522e-01
2.757942291590390060e-01
2.269863941292371012e-01
2.764225288273690073e-01
-6.640846550943647897e-02
2.121997082633188259e-01
-6.089163597353380863e-02
4.370748484733930628e-01
4.009047980220981078e-01
4.585520435914769988e-01
4.257701766997595838e-01
-1.154351363321085532e-03
8.022443891291722307e-02
1.142470682839615975e-01
1.317839924577437483e+00
8.116625675716457877e-01
-9.346809228235961053e-02
-1.606550791343139828e-01
2.298851962992785325e-01
4.655190464473444450e-02
5.364278402649127336e-02
2.213895178936027552e-01
1.897073868459648316e-01
1.398247037080403883e-02
2.385904397344394412e-01
2.523759349407491137e-01
8.439359565111823613e-01
-8.757128440588686502e-02
4.234229398007377521e-01
2.367482376004082512e-01
4.059908401263866429e-01
6.178900419605964922e-01
3.804923555688800030e-01
2.156942988889226642e-01
2.071728799350864014e-01
2.666116965057928057e-01
2.100553835779283424e-02
4.968859612809398141e-02
1.750931256662497104e-01
4.833630881114653888e-01
4.881948500081264020e-01
2.191970657343850770e-01
3.188137402153299327e-01
4.989279648564267644e-01
-9.016181299132171312e-02
2.373076363792022137e-01
8.038463640253669384e-02
3.009483061422059402e-02
1.681287962737375991e-02
9.191804027441161790e-03
2.894519045403914914e-01
3.805060465574996997e-01
1.025042982689857851e+01
3.758455737745551861e-01
3.349629299967009644e-01
3.097439327466833259e+00
1.584960684535285491e+00
6.689383124451484086e+00
1.188483224765043200e+00
4.856209086505830497e-01
3.978369498444823127e-01
1.359973531186812634e+00
2.501034900420157747e+00
1.758141652208688177e-01
2.850515853079555462e-01
2.579163802865709898e-01
7.993192871660332877e+00
5.557682635188418985e-01
2.571433060459869413e+00
3.792362257222793298e-01
6.223048196543869537e+00
1.368919703085221540e-01
-1.728765481002817739e-01
2.002477109111662490e-01
1.850141085762426196e-01
-1.890869507908617131e-01
1.710872747271908675e-02
-1.500349275202952637e-01
2.476582584044292878e-01
2.327903519620707073e-01
4.952006228446303449e-01
-1.581196333268399812e-01
-9.412069799659705804e-02
4.792460028153042728e-01
4.894488065426484402e-01
1.356968686054817186e-01
5.648789988104809673e-02
4.752142132366532490e-01
3.824070808546400912e-02
1.264476341460978226e+01
5.576181935526532962e-01
7.861899754536890716e-01
4.382385087562596926e-01
1.067650501061340879e-01
1.204874941035115166e+00
4.544473412187252093e-01
2.708032167012248248e+00
2.171096007254840476e-01
1.130255135689708645e-01
8.803366978496559581e-01
5.062498588371335817e-01
2.321439094174637396e-01
1.917724019445375683e-01
7.508828539238490696e-02
4.112440793679549289e-01
7.424450781744422467e-02
8.487504514079379447e+00
1.129638108033301558e+00
1.638069904809243416e-01
2.368983868614546129e+00
1.666154476583052935e+00
4.939002900456128664e-01
8.523239255704847528e-01
3.508463352979612759e-01
7.837695100195164744e-02
9.686913141813149331e-01
2.626014832112233965e-01
6.065796454539981175e-01
6.725661570737207384e+00
2.492133459669282070e-01
2.847133485732380453e-01
4.851796739369662603e-01
1.816081719723388277e+00
1.077017147365712108e-01
1.034816704618683803e+00
4.562063267470583550e-01
9.224090446772317820e-03
6.184301287566411620e-01
6.207940294717007923e+00
-2.498026847892810629e-03
-9.259442673428370033e-03
3.086850647952967264e-01
1.455864678739617668e+00
6.337792258943050761e-02
1.347400161206371072e+00
7.536290122685230797e-01
1.998085686014590967e-01
9.304426263688598819e-01
2.643973004311586106e-01
6.074984966763564975e-02
3.473162835075109811e-01
5.496149382481605068e-03
2.559361159343198078e-01
1.160100687555978283e-01
5.200491976618143219e+00
1.172711323560296615e+00
3.712940150518617144e-01
2.045931602405721250e+00
3.804739971082130801e+00
5.251677881122592817e-01
5.141429108264913284e-01
3.401929295377883467e-01
3.137860127660558884e-01
6.915019094481416051e-01
1.667392810984922868e-01
1.959488685752109216e+00
1.892736628989258596e-01
6.396137372922557907e-01
1.772921972440865801e+00
-3.748904172007199581e-02
7.620460623102405240e-01
-1.024615048033173867e-02
1.706513187969716849e+00
-4.058421881292682137e-02
-6.449064979619968489e-03
2.447883782221473015e-01
-6.102355469339533489e-02
1.254788680680133162e+00
2.084779474640177988e+00
1.365486434827976880e-01
2.228967556537796435e-01
5.570688594859488640e-01
2.829520861854287542e-02
3.305870082300488844e-01
9.033622175233713136e-01
-1.741436151362372176e-01
1.497377759650981299e-01
1.831231142761064190e-01
4.183315499688023964e-01
6.431558429762815887e-01
-1.664624136694204115e-01
1.467937628185147364e-02
6.386610104367921315e-01
-1.970906471089366452e-01
4.894153852949368888e-01
7.522730063174587478e-01
1.040667283763363482e+00
1.998011254902608835e-01
9.954424783451171210e-01
4.539264195160237492e-01
4.253751605735199837e-01
2.612454499557794740e-01
4.141316322857331866e-01
5.354804447911629128e-03
9.954362395787842432e-01
2.294954305274439665e+00
8.034560014787785198e-02
3.239778301528326715e-02
2.098813418751588777e+00
3.847576348006766511e-01
1.013890525916774990e-02
2.507981732530325525e-01
5.607556858256769125e-03
-1.043724052720421472e-02
1.017497818514541796e+00
5.587057012534545342e-01
3.394933343905246481e-01
4.833520222536643041e-01
6.369902997120014954e-01
5.828422405272798597e-03
5.848754991867490816e-01
2.170513412627971071e-03
7.856520590860327502e-01
9.726022004672562060e-01
2.745777236122112219e-01
1.359701709440034545e+00
5.351079551933896061e-01
1.689505312132160819e+00
3.755635204446541170e-02
-8.156925803513620510e-02
2.894817672027117927e-01
1.330016173802732460e-01
5.069183241584231947e-01
9.933981829318101475e-01
2.956854958924252652e-01
3.418456023540922817e-01
7.200789911765077544e-01
8.617212367743071200e-01
2.387010727889464778e-01
-4.240094185819424932e-02
4.997933161312427819e-01
1.845997549984681463e-01
2.622082351769162711e-01
-3.602252523932828604e-02
7.770155968195735507e-01
2.687226930518273327e-01
4.971751646517491019e-01
-3.474156834504020519e-02
3.269776146651982018e-01
4.965751386637592413e-01
3.847864040038680988e-01
-1.587070726911514115e-02
1.510267278008142200e-01
8.174197874938677888e-01
4.131862928938043189e-01
7.414566959681662128e-01
1.083385887982834805e-01
1.559595181082625848e-01
3.795816545969601385e-01
3.845828637173290820e-01
2.555853379748606602e-01
4.721819316957041601e-01
1.092951178743562096e-01
1.139590659536467321e+00
1.512583259169973049e+00
9.098098875968091415e-01
9.767494433536397125e+00
3.779501654829429125e-01
3.413471251294802888e-01
2.685988493340424332e-01
1.935771779854540187e+00
2.235564488598588362e+00
3.031063503427583461e-01
2.715907976269953394e+00
1.223238683265704951e-01
5.666171998513668262e-01
5.187845267933697269e-01
7.358621844544704693e+00
2.797258726687973374e-01
8.266277040060751036e-01
1.988857448558709162e+00
2.979848900299184145e+00
3.459191824041359387e-01
2.243676952949399117e-01
1.372493915703551504e-01
5.726113299387563388e-02
8.099037039937632132e-01
5.749080292418946581e-01
7.226044450516146134e-02
3.585426771210899199e-02
2.534111326028740674e-01
4.140344065888327263e-01
3.482228819833405598e-01
3.044259513077264279e-01
9.888429326562674371e-01
4.452236409347354873e-01
1.979087278021869900e-01
7.454612063026460067e-01
4.016180894354285935e-01
3.371354670516629182e-01
9.112508439714983241e-03
-1.325209941694310278e-01
2.508403528562669349e-01
-2.008765256449184244e-01
6.822242160689954982e-02
9.617499259588644378e+00
-2.126703755805776572e-02
-5.297902237173609391e-02
1.404383322049321814e-01
1.831605228351018966e-01
1.405404412050223484e-01
2.014199904981966438e-01
1.120569769659529175e-01
1.105345244947373295e+01
4.890938704247133617e-01
1.978247867989174624e-01
1.898939884796091215e+00
9.357175692598786176e-02
5.555982029496098207e-01
9.107553303663648570e-02
1.801073987883754224e-01
3.267419287060623345e-01
5.302366777881974969e+00
6.937926495072059829e-01
9.076894325348439097e-02
-2.057960329498506880e-01
-8.956666636873897649e-03
-1.751901179663460095e-01
2.812233027749054259e-01
2.910808763881525874e+00
2.251804397851254746e-01
1.095786400856689546e+00
1.463085342804537836e+00
3.264103979621506557e-01
9.202206134442853624e+00
2.438800993696144392e-01
1.773260380287302457e-02
2.495613168637233481e-01
1.631130055165191384e-01
2.422312562474414066e-01
6.817710281836653063e-02
4.361897311004311995e+00
2.107710230801274898e-01
5.153497562978176516e-01
1.135875373244309650e+01
2.423457182957866329e-01
2.733130189946073596e-01
3.832981242016099133e-01
9.959039941762835024e-01
9.202206055493114434e+00
-9.350672145073676833e-02
1.209349430782351818e-02
5.401308395726919231e-01
1.258428579040303585e+00
3.614935230606266536e-01
2.103160745631633688e-01
2.647682473836927119e+00
3.541478271719461279e+00
2.138330183005987817e-01
4.972545216823281988e-01
4.457723344241713015e-01
2.880225525958060029e-01
2.114237558612316881e-01
2.271507089580203420e+00
2.316533663014952102e-02
2.232582450752388370e-01
1.352642225996098624e+00
9.977607163759748543e-01
4.769129087951585189e-01
4.324238077564842575e-01
-1.052553709773076662e-01
1.323382734088470514e+00
3.567709175600466270e-02
6.488479849549187994e-01
2.644602834024731841e-01
1.554692576890360882e-02
2.792615021210891890e-01
1.964575351516921531e+00
1.801281662874716083e-01
2.262829236294701396e-01
2.765853215159166378e+00
2.098453641132550229e-01
2.930303418161102069e-01
1.508651142341907336e+00
9.294102937750026161e-02
3.551744995417586148e-01
-1.462882069486165504e-01
2.487222407910585631e-01
4.113678584960589468e-01
1.061753543325167026e+00
9.960964217003297205e-02
9.957495224791170774e-01
2.095437290557371490e-01
4.939593436671796844e+00
4.382316702589466040e+00
5.213382082510100574e-02
1.744149943824978566e-01
4.236989318727970022e-01
2.206255275593857479e-02
2.282147940484152926e+00
2.398521392989931389e+00
1.782656449888628258e-01
6.592259597125892379e-01
5.572736019582366085e-01
8.516678599363478597e-01
8.503591986859231067e-02
4.229433481308891851e-02
-2.876519479819003230e-02
9.656304145332913480e-01
5.578318968167184089e-01
1.478245342151711661e-01
3.879494372435909333e-01
5.621970341515764025e-01
1.790912336978378816e+00
5.866197711092347999e-01
1.532343019758153624e-01
5.147439741184168804e-01
2.561762996476495483e-02
3.542356855070077359e-01
4.181448286150276639e-01
3.810787982573334703e-02
6.393794782834560930e-02
1.005169180944142093e-01
1.443038687783723795e+00
4.238020969284588685e-02
1.068999294584641740e-01
5.637059462387499220e-01
1.469508912628298969e+00
6.718893984953303589e-01
1.220696992006606640e+00
2.256436064806048858e+00
3.598382437647977827e-01
1.655833897851647585e+00
5.504081938272047392e-01
5.182381713363907183e-01
7.351890060383825531e-01
5.147439118794479018e-01
5.273286572606709077e-01
1.790912626002214347e+00
1.607007721199958272e+00
2.952918022862115466e-01
2.304546615140832394e-02
2.273398348022135675e-03
3.082999690085996836e-01
5.227886611398679939e-01
9.418426558060086773e-01
1.241888348539507830e-01
9.682637537299429997e-01
3.088247781320036522e-01
2.999962531893838880e-01
1.469418483989230750e-01
3.613540154967502249e-01
-1.479480856767915846e-02
4.441318737463518240e-01
3.122641207943591679e-01
8.047776167656333079e-01
-7.119279439230118134e-02
1.470535196556216617e-01
8.948473539337353788e-01
7.226275975955693820e-01
1.879211515591991677e-01
2.575496092968595496e-01
2.042054161831921288e-01
6.332868577532474452e-01
8.378254435893540963e-02
1.640142088736492587e+00
2.982943140930989667e+00
6.551233291332961173e+00
2.429934396660970997e+00
7.794474930429245996e-01
2.686174360479473222e+00
3.654837770586711332e-01
5.320528412925779049e-01
5.332308134537683264e-02
1.196039146709663825e+00
5.629082934941777028e-01
3.936849805403362712e+00
7.890883377791948483e-01
6.652640495733530557e-01
4.645840417972542102e-01
3.243159836749593516e+00
1.073743620485632766e+00
1.959194744530479149e-01
4.344709723595208573e+00
5.147651979378271569e-01
1.067310137706996676e+00
3.450386358316190893e-01
5.055197894151710614e-01
5.438207838602394650e-01
6.653380917200191202e-01
2.202139680443211678e-01
4.426282685307252884e-01
2.591450232601689302e-02
8.692807012316908222e-03
1.095314909980121404e-01
2.165090874256115196e-04
4.516887113687960698e-01
2.345885192253856222e-01
5.569833021382948335e-01
-1.381817383355893603e-01
1.819732822858145527e-01
-1.956156777425603344e-01
8.320759445027625656e-01
5.576482082605977997e-01
3.084780155158774462e-01
1.019074444284719244e-01
2.754740594267385267e-01
9.746229833815669985e-02
7.204515138901072813e-02
9.180491015711135516e-02
1.173474357953115499e+00
3.234881591428240832e-01
9.159213018123224526e-02
9.078141825599380654e-01
1.851654119883215099e-01
2.042170500864878946e+00
2.232329761475599084e-01
2.689820317853451326e-01
2.710323334589953004e-01
4.319884900638065739e-01
3.076613447624749753e-01
5.015387895924503958e+00
3.462051812515468119e-01
4.091427695868877223e-01
1.938584672452572655e-01
1.600367679379776642e-01
1.118970780516951313e+00
9.849836563860009386e-01
1.989077684000198354e-01
2.732263642696517891e+00
4.717093298357785125e-01
1.518002961428619180e-01
-1.419928797875037729e-01
1.345916320912235800e-02
4.433524460102586939e-01
3.757671265985367826e-01
-1.387603830382391767e-01
8.373910677984736095e-02
2.391352942798617709e-01
4.511148964667328065e-01
5.450876530273338627e-01
1.490016952105174541e-01
1.550477767649909022e-01
1.476027630625446896e-01
7.881350014532950699e-01
-9.105269179331929030e-02
3.828483766704183777e-01
4.462597801529418207e-01
2.636138554166780890e-01
-1.028510570101914962e-01
6.691365231387979007e-01
-8.310503080068838699e-02
2.265407697357502692e-01
3.627094453672010665e-01
5.602101250575082514e-02
2.505493345677834438e-01
1.215441032942067429e-01
2.844773696514930617e-01
3.037210127798947168e-01
1.604881959825810445e-01
2.361599970618214195e-01
4.082500543245397018e-01
2.078974461120601802e-01
2.041933058534317058e-01
1.042932062201657600e-01
3.879682079777955761e-01
4.862407691966187384e-01
-9.364499134716129658e-02
6.984444676184276002e-01
1.807053003655879342e-01
2.576993837368227735e-01
4.844187578914245229e-01
7.048999836154307141e-01
2.770005555896207228e-01
3.360444677121957047e-01
1.087331058998311617e+00
1.042829299426538403e-01
2.134606654974529893e-01
2.853440803146731763e+00
7.219877310544881022e-01
1.362082496871167281e-01
-3.908130308307180244e-03
7.083814723537655567e-02
2.868681131212742486e-01
-6.433981065179093795e-02
2.445998080611754555e-01
2.130467887963788942e-01
1.052062094686982530e+00
4.448080542279061154e-04
2.706222028923939704e-01
4.762249287855328528e-01
5.858274155228578861e-01
4.943512124584070050e-02
8.854545662634957237e-01
9.221031226406256609e-01
9.087217332349794008e-01
9.522197127048612764e-01
9.087220738931566233e-01
9.203053859101577305e-03
1.041502934735134972e-01
4.762531179888047084e-01
1.945484901948274781e-01
4.622958342457469949e-01
2.943948177887561468e-01
4.856062253487966052e-01
5.185626561966181214e-01
5.692146218032930749e-01
1.380325795481460449e-01
5.651783371279296420e-01
5.506622606127412611e-01
2.001470566250794780e-01
1.416132752854645460e+00
3.964520631370923032e-01
1.716480235107197827e-01
1.583095198309809881e-01
9.639789323832159695e-01
2.425819317185134438e-01
2.440723086073527393e-01
-1.197879713827248449e-01
8.268447340777422827e-01
9.073685823246805393e-01
1.124655489512100259e-01
1.595412142460156668e-01
8.048114623616960117e-02
5.842281465184132605e-01
4.821870817365655482e-01
3.154046206458178681e-01
3.496110162950507444e-02
-5.342815942736031665e-02
2.357080592536659469e-01
1.708269782351898303e-01
2.990767871634252839e-01
8.017725014598235944e-01
8.851887867618962735e-01
1.705974193956221185e-01
4.717527069049322064e-01
2.386327024284361220e-01
5.191821569555297167e-01
3.928823522975377069e-01
6.289770859024970129e-01
4.871953080365401534e-01
-9.878715305621434128e-03
3.417058396846190393e-01
2.408339933920131404e-01
1.370362014123924221e-01
1.972641466641004981e-02
2.103054594379616116e-01
4.950059315165054596e-01
1.326292140042577838e-01
7.695320352247212448e-01
1.073661401683705524e-01
3.468779650308156381e-01
4.763621872117974609e-01
4.614024066988956507e-01
6.715046818340781876e-01
1.370302288656790601e-01
2.905068021954872182e-02
-2.332960652384299602e-02
-1.911976125826936324e-01
3.808272956987647784e-01
5.769067332878403676e-01
6.394768692088151907e-01
8.313146261657097469e+00
2.080883343024452770e-01
9.711575177707425510e-01
1.929328761482675514e+00
2.179507004839888462e-01
1.646571133193359682e+00
6.009777147399214536e-01
8.177168926120344850e+00
7.947135689689630578e-01
7.580096463232941506e-01
6.138419359410010046e-01
4.474858958246230034e-01
1.260948950291869375e+00
1.196664399901499642e+00
4.572972557235789104e+00
2.665776690980951713e+00
1.083712813428172161e+00
2.385889464814492378e+00
1.202037121522040897e+00
5.663036722043495175e-01
1.527738173540200139e-01
1.855498384552498325e-01
5.150582949178061920e-01
1.519139969344365237e-01
3.835272567101716268e-01
2.400623194141835892e+00
2.806441965583511555e-01
5.935257408885138974e-02
2.102316495875016303e-02
5.194861987056786035e+00
1.085756686146482908e-01
1.725429421793170048e+00
3.134237526680117708e-02
1.681849217175857836e-01
1.275821502657559225e-01
3.028878709988418461e-01
5.118503235185793004e-02
-1.355307080513000473e-01
8.446367936941792665e-02
7.785261686333630471e-02
1.890498923858877078e-02
-1.233879409740977137e-02
-3.365502364220329667e-02
6.990114780023630459e-02
1.042782218532226357e-01
-1.014743393293698753e-01
8.931250307995362847e-02
5.307674588984325759e-01
1.196944290617220907e-01
3.098117792059930029e-02
-1.204245099009539077e-01
8.011594009666244132e-01
-9.655970266304955696e-02
5.190636762481860150e-02
1.282059204804025625e-02
1.804480357228472817e-02
1.397667637714148925e-01
1.837716600607690320e-01
1.925691716580667234e-01
1.073809882875716992e-01
5.039064583088436189e-01
1.664670556506814281e-01
4.348283322760327918e-01
1.199306974661199288e+00
-1.443442191342250436e-01
1.828930639612378894e-01
1.035997725718079687e-01
1.442123176289543229e+00
4.626128426685811590e-01
2.771351639419704416e+00
5.197273192918181017e+00
1.075750245504405456e+01
3.432096117962979420e+00
7.356586970315412422e-02
2.321094097192502037e+00
7.348228379974618418e-01
1.174427145442755449e-01
6.095429888159656917e-01
2.138639352697780105e-01
4.072244728551824289e-01
4.458120810443300108e-01
3.606126947416911088e-01
1.437475960117492901e+00
-4.784479267822745047e-02
-1.022194062860327102e-01
1.699291632475379954e+00
4.554979946721534390e+00
3.649036986025330220e-01
5.237645554777208279e-01
1.685165103339721915e-01
4.988682583509183588e-01
4.900130575421710599e-01
9.291983097933401159e-02
6.096684680077163243e+00
9.390836443367639452e-01
1.299122825231199263e-01
1.497326065340566781e-01
2.330897042956297516e-01
1.083079453714552365e+01
1.736251110996339941e-01
7.671008394244048789e-01
4.692197688907843722e-01
1.078803354471127712e-01
4.250832106154568968e-01
7.438130574091149638e-01
3.412832946325111139e-01
3.856252321719324527e-01
1.577957915525460553e-01
1.528241787184689282e-01
4.436675689297621128e-01
2.010080194693437683e-01
4.369788962801365306e-01
5.939793979642222777e-01
1.713681268088861065e-01
1.724293816285247518e-03
1.857614262373467884e-01
7.835067940200913794e-01
2.713819507135217801e-01
3.843821557937597833e-01
8.305516145703114583e-01
4.018318932127749044e-01
3.313797600520834719e-01
2.208824233696308204e-01
1.380225432668684249e+00
1.503589205576792709e-01
4.596580103197195899e-01
2.805403671786564027e-03
7.420985989833781549e-01
1.089061053985751898e-01
2.730517418344860503e-01
1.577956870324396799e-01
1.052629366205860784e+00
1.279423984879273446e+00
2.995610604313356240e-01
2.444467218740424552e-01
2.320276716160579955e+00
6.910653763792453004e-03
6.028036427520129525e-02
1.398171590367493500e-01
2.750909948960267304e-01
2.228478818782755333e-01
4.326689811614468084e-01
1.177013639741639750e+00
4.796214718329620819e-02
2.112918540621482391e-02
1.590484042041367396e-01
3.212581555853041282e-01
5.397678830393738414e-01
3.552684139515654288e-02
2.731615940626109795e-01
3.835852366227451293e-01
2.506303682987348624e-01
8.369317080082058213e-01
2.958501282766570761e-01
5.585603825908885822e-01
2.366618924783278621e-01
2.459616403136365981e-01
3.718678492142233338e-01
2.487657805193511928e-02
4.123081693005125475e-02
3.369542645435298911e-01
5.995151143197704480e-01
-6.783738837915087236e-03
5.620743157718449678e-01
7.928125837007780063e-01
4.069875594214901748e-01
3.424665324517538190e-03
1.691349154512544195e-01
1.061929862273739734e-02
1.105930548552888984e-02
7.112496016989630077e-01
2.476452373583775107e-03
3.128700983376990832e-03
5.054535776781606815e-01
4.534101942052606166e-02
8.712358356369010598e-03
3.038757414700776066e-02
6.345577357433475063e-01
1.465907199098790969e-01
2.304574162666043202e-01
3.083649405185262538e-01
4.393310910430286431e-01
2.838532909454347282e-03
3.277616553729298648e-03
7.764073864745588693e-01
3.158897370695553097e-01
8.709696634056371053e-03
5.678813183519770824e-01
-3.705583251535925216e-02
-8.947454042162369947e-02
-3.469618474384797424e-02
-6.151661885441232769e-02
1.558735366511031784e-01
1.660262506295932111e-02
5.730390429679045328e-01
1.045462265225877291e-01
-4.235745775238018707e-02
5.665258207703233184e-01
9.236404166267395133e-02
1.735543753043604920e-01
4.519074538931191487e-01
1.739255219346089731e-01
5.193492120765833553e-01
2.686844327459503301e+00
3.062827756004972146e-01
1.113934556122925468e+00
1.154235839300393973e+00
2.894737493298952802e-01
3.758267948358157140e-01
6.037865491816349350e-02
5.048984633562498825e-01
2.427820814429364926e+00
1.791435939396877508e+00
1.723395778412189161e+00
2.003643056465790995e+00
4.234985798151163827e+00
3.160339843178211261e+00
5.372506810874673189e-01
2.522104990643986966e+00
2.893354268861845213e-01
6.928332818689358907e-01
6.351876204827566763e-01
2.838167356537103503e-01
9.304782463889254007e-01
3.501879093213292743e-02
1.261831351706477755e-01
1.377658223076341504e-01
1.663191867752729369e-01
6.803544569208155313e-01
2.437171031569783652e-01
1.688136160478458936e-01
4.670347785722765432e-01
7.600637571715676034e-03
3.385194010988237107e-02
6.250307789237424805e-02
3.837898596108359484e-01
3.431008041114846224e-02
2.017740166068992202e+00
3.565967573533548960e-03
2.579941984946143400e-03
6.933892263585278437e-02
6.331259971267830799e+00
1.080569082173700457e-01
3.803793368084044668e-01
1.937263763734298760e-01
-1.379354540301873100e-01
-1.213295175121041902e-01
3.861558592883249097e-01
1.335767857938160302e-02
4.543724198390522773e+00
5.841495755931949696e-02
2.016960997778217690e-01
1.689014030428644064e+00
1.246779773786793055e-01
3.974096706000609380e-01
3.398710812343184728e-01
-6.883277362731515803e-02
-1.580295584424923072e-01
-2.547941259738021810e-02
-1.744273918943600732e-01
1.061212714525371936e+01
-1.671224805228900268e-01
-7.528563777745254926e-02
1.758458699036763995e-01
1.429844563187051831e-01
1.761159059905554880e-01
3.457892249267898732e-01
1.061283484749110961e+01
2.548096071532814921e-01
1.602702862912852300e-01
8.115390025173787603e-01
1.042982720886007009e+01
1.246361332271870959e+00
9.576540597593468096e-01
2.336357374879882987e-01
4.977501756075189410e-01
8.883274718619246224e-01
1.439453791774265301e-01
4.672787023030074982e-01
4.081513584109284776e-01
1.135994237119995143e+00
3.963277617759342952e+00
2.819407411925575202e-01
8.772264933258714370e-01
2.284930245188835585e+00
1.593625443034764888e-01
2.167225116266713880e-01
3.814908919475620830e-02
1.626969713374133431e-01
1.460606728338432192e-01
1.429464423853182287e-01
1.247500203889544634e+00
6.629955797151562358e+00
2.338525812826711958e-01
2.415817576042741943e-01
1.800934526529002211e-02
9.337788975141721792e+00
6.717418183612879901e-01
1.642095772610026594e-01
2.819679593035547271e-01
3.990600277762525128e+00
7.520143281460515139e-01
3.750302915052156766e-02
1.846388183199250688e-01
1.106365153082931735e-01
7.344101987994698932e-01
1.278238888506104398e-01
6.503880240436404891e-02
1.276715320057351111e-01
3.357361191901471198e-01
2.358712167698993056e+00
2.010096695982656279e+00
5.412918891811301592e+00
1.919334871236524631e-01
1.655084363572363104e+00
2.617426829245600217e+00
-1.779698881874037797e-01
1.514279102768659513e+00
1.442646087016778988e-01
1.288555553352549177e-01
2.127757317082581978e-01
8.082457944190557519e-01
9.816660880435504888e-01
5.911865812966040634e-01
1.906560640727525513e+00
2.704770762568043385e-01
2.307109965360870374e-01
6.454373160764434458e-02
1.422069734325039247e+00
8.115331136316518146e-01
3.198425651188452346e-01
2.231120905604805915e-01
1.184937161733918831e+00
2.048732909260740920e-01
3.927359578914269012e+00
5.621616146084153914e-02
1.274377151683398379e+00
6.587283654759102935e-01
4.516693022681705916e-01
4.985290075125028419e-01
3.024440298894413903e+00
9.634443834769041981e-01
3.492286162048004461e-01
6.946040905025969714e-01
1.151423032843638561e+00
3.686667190466394572e+00
6.928661461529025400e-01
-7.448287625508587251e-02
1.402932827113347880e-01
2.468040380254082899e-01
2.817226508837132326e-01
2.934789892045673310e-01
1.825794056904380888e-02
2.157824136663100967e-01
3.284362968029702068e-01
5.874775814425330367e-01
1.805003239442628804e-01
5.570497667900842220e-01
4.389901527394269309e-01
6.082815283377145388e-01
2.539543349417535123e-01
5.124783590630600794e-02
1.691140586712964744e+00
2.975868931361103087e-01
1.247214906094092218e-01
1.390765837052150289e-01
3.103420495837030946e-01
1.872256158116762104e-01
3.552922303864042286e-01
9.168521192708527501e-01
1.638465770586818027e-01
2.385746030302265952e-01
5.470505550005477780e-01
6.443070455348790526e-01
1.790404399825920034e-01
4.386661177117696098e-01
1.575118833897752868e+00
1.517053952889895196e-01
6.604377439542916672e-01
1.362797782597182927e-01
7.187104557984368147e-02
2.481491808224293438e-01
5.470503675073703498e-01
2.623467516621676987e-01
1.269985722467033673e+00
5.890897721950845156e-01
2.133654009187040401e-01
2.837292448415642543e-01
4.436897241647898005e-01
1.320759777615287678e-01
6.040529595622986386e-02
2.939550380951727160e+00
2.491884570809131394e-01
4.306839991128036393e-01
1.758929344796436700e+00
6.081817000793175998e-01
4.306838056871828968e-01
2.921556235369813237e-01
-2.035751728884063402e-02
8.044235336677667547e-01
1.025553041487693839e+01
1.839187896495735774e+00
2.531763267990888577e-01
2.905107687426181431e-02
1.698496872998177309e+00
4.235004782943137536e-01
1.376027549290853136e+00
6.442200172611840525e-01
7.984016757195666614e-02
1.208017078490584151e-01
3.946449999110306361e-01
5.341064939049467997e-01
5.216083131163348208e-01
1.330294812208958621e+00
2.150503201565550082e-01
6.475448101045530036e-01
5.236971718087983785e-01
3.892779476489382495e-01
4.599576636051725398e-01
2.483659337686546564e+00
9.025739283974010263e-01
2.397351897749906979e-01
2.527458973910086115e-01
2.993414221650920748e-01
4.288347801684728733e-01
1.342983404710491324e-01
6.489186580731208798e-01
3.358785885816315542e-01
2.612535682562988366e-03
3.492680955830451857e-03
2.026723841108572233e-01
1.219340198015377963e+00
9.680643192381047646e-01
2.289207143551033885e-01
7.275522087579676389e-02
1.577256133889579082e-01
6.307074914226980245e-02
3.818232977177221099e-01
6.405198930415880731e-01
1.434794518202430202e-01
3.828155489783487964e-01
6.307098879889165566e-02
3.535539706159330359e-02
7.843313386897320383e-01
2.584553584987529518e-01
6.612732375994678606e-03
3.192509582760243991e-01
1.316353206744376274e-02
2.130370069475947314e+00
8.763426272673199846e-02
3.031718836139577627e-02
1.351081774581085915e+00
3.384853789465006729e-02
2.659982555372778293e-02
1.195652724609683082e+00
5.117549421088507522e-01
4.436277180709142370e-02
1.362029302464057290e-01
3.723839206438706723e-02
9.943209160536744307e+00
3.639068062072253751e-01
6.482142715643687270e-01
5.532315810618124274e+00
6.307107921386717608e-02
7.243104709450989276e-01
6.853448266964576874e-01
1.687240567150059212e+00
-1.858964797490602339e-01
9.104375039525697266e-02
-2.680478403245830157e-02
2.674694148456109866e-01
4.713853739382713182e-02
6.041564974277884303e-01
4.027537392817914785e+00
2.440487990684681030e-02
2.608515967766238397e-01
8.678202167311543036e+00
4.381093934096557674e-01
2.870949413956637719e-01
1.462650257100939766e-01
5.492934379739856654e-01
1.726781678022468292e+00
4.845744981254904715e+00
1.331058730878274643e+00
-1.175484791285679870e-01
1.083230759191555481e-01
5.206444814372828550e-02
4.479353652570675637e-01
4.729664772424930774e-01
3.386736923225764695e+00
2.529081299276330519e+00
2.088039816260010006e+00
4.069104066549649179e-01
2.962806710993574899e-02
1.114865040022811754e-02
3.587367481086201071e-01
2.235901185135035218e-01
4.425767139393788629e-01
-2.349650286076045841e-02
3.920721911497984657e-01
3.480307911007835681e-02
4.907712182808059986e-01
4.954963887877369411e-01
1.610138280740450956e+00
1.869927770839264092e+00
2.964438770600628104e-01
5.195762121000837563e-01
-9.323213705750180158e-02
6.863749052693467190e-02
-1.316977598901998558e-02
2.679986191447625288e-01
7.081846192196923351e-01
5.755640226284660516e-02
5.451363075497499544e-01
3.753411064877399533e-02
4.834521456293919273e-01
2.209695092666632554e-01
2.396735503054800709e-01
4.391228382706243161e-01
3.028409413678639361e-01
3.174212831742428964e-01
8.590088335380696716e-01
2.100348024723076801e+00
1.334040781441634849e+00
8.289738012611804763e-01
4.348998456949753483e-02
2.707999893054227059e-01
1.463687603959154870e+00
4.806499347962048807e-01
4.292599265137919673e-02
6.694087337620212297e-02
7.369818577137882132e-02
1.610430457887025435e-01
1.611153833664401569e-01
2.369683138022682933e-01
1.857991575858192190e-01
7.870162209013024102e-01
5.710608436086891393e-01
2.237801024212913992e-01
7.199843864797980109e-01
3.000700095697237391e-01
1.972543923720453396e-01
2.874586842600542202e-01
4.792300302518612970e-02
7.508413620884994699e-02
1.141971611940793691e-01
4.279781881734999183e-01
2.604730594613058337e-01
1.453642474154349072e-02
6.957898625267969206e-02
9.976866543860924211e-03
-8.936131272867502140e-02
2.195734359001761948e-01
8.256081642260780507e-02
-1.330930652182465701e-01
1.272987360819969466e-02
9.187129760886543484e-02
7.494507545211465116e-01
2.835477297572377431e-01
3.434558623915314746e-01
3.503825279827768036e-01
3.895386383726233137e-01
5.402285762508092226e-01
3.913944599379635680e-01
2.112095684172056176e-01
4.688206208576618794e-02
1.155313733320603831e+00
3.465774867842208451e-02
2.436873611157337749e-01
1.266735495539807466e-01
1.732186539090947719e-01
-4.989881360637077323e-02
7.910573542476917464e-02
5.893788019703493086e-01
1.108530296282837641e-01
6.076181988704421055e-01
5.174335036137661659e-01
-5.258319137729338538e-02
4.734681601823801933e-01
3.971298161845031038e-01
3.230505407211425872e-01
7.494505457051707786e-01
3.796876139081981072e-01
5.126140797195808396e-01
6.091816572032872079e-01
7.988643816770826800e-02
2.496377612526115841e-01
4.005917459039052830e-01
6.121540857176407391e-01
1.460175619952072401e-01
-1.487287764243431509e-01
1.404380979588886955e-02
-1.395670932174755963e-01
2.203964248364407574e-01
-4.957222467526654908e-02
1.043812330537657734e-01
4.994115820199119815e-01
2.104145962975655648e-01
1.696839492633058222e-01
2.032150847912700398e-01
