1.462324573157260943e-01
1.243620932055828687e+00
7.922826608995433562e-01
1.695651083495693356e+01
3.717226111958571000e+00
3.464958075253586234e+00
9.764415171356505274e-02
2.677006018461306258e+00
5.627785769736820543e-01
9.560802662013490050e-01
4.088504304509090748e-01
1.594003734018449858e-01
3.029783862562855479e+00
1.358170459640724692e+00
1.648693817309680121e+00
1.447990628554608472e+00
5.757292807090667042e-01
5.484777904932155224e+00
1.266647034170673480e+00
1.150309162677945807e+00
1.017892528991794165e+00
3.790932176402023179e-01
9.936131241827613536e+00
4.861439755214018277e+00
3.656244239053510370e+00
2.815178555301958152e-01
8.418718388299159527e-02
4.483762548054200714e+00
1.535776050785706281e-01
4.948309783751571045e-01
4.260757514097802123e-01
9.156907449884242878e-01
6.658402956838086695e+00
3.179603717244495087e+00
1.154720827262541993e-01
2.538958380877099907e-01
5.500959209347210388e-01
7.457966218319008744e-01
8.380585758931825779e+00
4.421716625890012686e+00
-7.842331276107978623e-04
1.653798468880764760e+00
4.641653221266439644e+00
1.614468539375006895e+00
3.604237542811171147e-01
1.539023638834721819e+00
3.592942816167813413e-01
6.693160920308661721e-01
1.022924174762756211e+00
2.855146595489999606e-01
3.104494873921635478e-01
2.786232730126576573e+00
5.305217939366758673e-01
6.008079028007953237e-01
4.595559069973659483e+00
7.216684030138076800e+00
1.286919022266535206e+00
2.965210546909581524e+00
3.301479971321368834e-01
3.407390778480598570e+00
1.809118355629117270e+00
1.475092893701908547e+00
3.982449768881516583e+00
4.109542731565404061e+00
1.862207916344946090e+00
3.457242297580175538e+00
2.596529021228441980e+00
7.712086742772009673e-01
6.534579465251842967e-01
1.575034904864333618e-01
1.441096444710926860e+01
1.836119135689836535e-01
3.506118919614357843e+00
2.618996537774195055e+00
4.911254253307066331e-01
5.888257527733720131e-02
3.620086342441856120e-01
5.203225698309952296e-01
2.271595562711753724e-01
3.342111565034115439e-01
4.013481004149695330e+00
1.501590276145052361e+00
5.478278624499434146e-01
3.163886053855577973e-01
1.907549768335273510e-01
3.090215965072655280e+00
4.129322665393468372e-01
1.891307762814400592e-02
2.364797598638939569e+00
2.628639481681800949e-01
4.424660119989418661e-01
9.140289231658945690e-01
1.899043156872310956e-01
1.453350204366378851e+00
1.871791627123158941e+00
1.166362733336413493e+00
2.527751508524347379e-01
9.043611256135970500e-01
3.259479809126953898e-01
6.214880578956292645e+00
3.947369096482840345e-02
9.316691902905658296e-01
4.017410087377547789e+00
5.768678638663900848e+00
2.259079593522631324e+00
2.925732117928400378e+00
4.080321952543791042e+00
4.895391895659834125e-01
4.392687350487375908e-01
7.006851410908220001e-02
6.436091578816475200e-01
1.038710576461406021e-01
1.196795642965555517e+00
4.376269972407280662e-01
1.241051645357536648e+00
2.337324271345736781e-01
2.733473177205312687e+00
1.102856450703999736e+00
1.034789390398971609e-01
9.133740539050760887e+00
2.921897548680449375e-01
7.346209693968269727e-01
1.277769510831906485e+00
1.371839587824647655e+00
9.717591017221206551e-01
5.075898407666619150e-01
1.401816812717299465e-01
4.534093349670254902e+00
8.825853864498044432e-01
4.563537476295185802e-01
1.879918953245250657e-01
1.909931166696792193e-01
1.573692489249213455e+00
4.536777021037579627e-01
1.144875477573319422e+00
5.261061407501602671e-01
1.026308715337714561e-01
1.392227367822444384e+00
3.019106435676792710e-01
1.315012673512809815e+00
3.099559442305431123e+00
2.591639666561763033e-01
3.153767486383595164e-01
1.165426723370068585e+00
5.753171986790792669e-01
1.683531102732734874e-01
5.212623940979001169e+00
1.045807087751963849e+00
6.910782086994620599e+00
9.116976046728619831e-03
4.726948010430128022e+00
2.102608446248755314e+00
3.272626124217092425e+00
3.920361651663197833e-01
3.487152747703900491e-01
4.334183182530269574e-01
2.115503038816748949e-02
8.819371067367298700e-01
7.506709667861247715e-01
1.135429800631137187e+00
6.460498824793589279e+00
3.291389403306913541e-01
1.877179191400870906e+01
5.489470243890074430e-01
3.699978259258136504e+00
5.240552425723282504e+00
7.603064949382467574e-01
6.711215501640117598e-01
6.112037967720141962e-01
1.456477196276591890e+00
1.200543660652635125e-01
7.409383738661949881e-01
1.806117064911922920e+00
1.108608548607070921e+00
1.685387978657179708e+00
1.022842077108968351e+00
1.644265980309303488e-01
2.005033353762204207e-01
1.870249016523054975e+00
8.528866628895460933e-02
1.622355793212661546e+00
4.627396961739555614e+00
2.365318382261074881e-01
3.792435026281979482e-01
7.241076472054940316e-01
5.192953879237119708e+00
4.994085672735513626e+00
2.772280302313637090e+00
5.882764692852147093e-01
1.644406750636187020e+00
1.827344984869522682e+00
1.212660637806534147e+01
3.995753166291330372e-01
8.940800643401152215e+00
6.625152003421028724e-01
2.885825251316853191e+00
2.279671632221823840e-01
9.136351165536140684e+00
2.848515765454785464e-01
1.791683595887268998e-01
4.189126802585715903e-01
3.275179415162743357e-01
1.176592366818009161e+00
2.993395528191652999e-01
1.849839096605778055e+00
3.155446452017842129e-01
8.138346782305260207e-01
5.469674762579006533e+00
6.200949020560263258e-02
2.552419491332779788e+00
3.998664221983818212e+00
4.312048273934845910e-01
8.898450511266696450e-02
1.789556776321785891e+00
1.592556293415748614e-01
2.315724850062305662e-01
5.063398007351452845e-01
2.777212120462735911e-01
3.234861878093350795e-01
4.195056812097311405e-01
1.100566307766298879e-01
5.379480253314286031e-01
6.437854906365566565e-01
1.284148010871376977e+00
4.783539846582610666e-01
3.048422785703412519e+00
2.951700442043926897e-01
3.387510176687017704e+00
2.602009821596629746e-01
2.008996957915978765e+00
7.260140299872269720e-01
5.733660471982920948e-01
1.316164614932332455e+01
1.429087256669799411e+00
2.939253236577508699e-01
1.065012859520261479e+00
5.150343648372407435e-01
7.789067615073090423e+00
2.518841073603733438e+00
6.830696332135850035e+00
6.930753163025983599e-02
1.860833996487841535e+00
3.332503564320069778e+00
2.914000334949409243e-01
1.252393975380922164e+01
1.345478509761190544e+00
5.469930967715811221e+00
3.566251567643312081e-01
6.136013883023927473e-01
2.478132654558555359e+00
2.107523885283559828e+00
2.499095046779971518e+00
2.186557457659680792e-01
8.808393327836446796e-01
2.476976713622424386e-01
7.165235127191603715e-01
4.203372747614422811e-01
6.524499591067450810e-01
1.842835652795893897e-01
1.093306097518714104e+00
6.028925147172154997e-01
6.091158543722033691e+00
7.605535652968461457e-01
9.858045239526592729e-01
8.707984622630753346e-01
3.603306347975386625e+00
3.928797495337883472e-01
9.003857335162381403e+00
1.913783066282999379e-01
2.064743708447403514e-01
2.071656999736138649e-01
8.259869199405575069e-01
3.511598405938983536e+00
5.237737967195087663e+00
1.170277567598558388e+00
3.704699884396721821e+00
1.445156666008730939e+00
2.066826100029745650e+00
1.178245115541252108e+00
1.210480169293714076e-01
1.372253124512575084e+00
1.172713882663843687e+00
1.210068289720201085e+00
3.146230623821543837e+00
3.535578034980460527e-01
4.459509020328201068e+00
2.783457569941762966e+00
1.534225300462938479e+00
4.518356375677394787e+00
5.161105072162676111e-01
2.545850643819282055e+00
1.818232933706833920e+00
6.597983273354883771e+00
1.696818998636501208e+00
1.629545896675082650e+00
4.439272754601779059e-01
4.941237464236369892e-01
1.148319893721219120e-01
2.244599760146137157e+00
7.280188681057698119e+00
2.943351710701289092e-01
1.520778427323092874e+00
9.261175288196277222e-01
6.694140689732817062e-01
2.462822049678995984e-01
3.313096765490319839e+00
2.134017542177216176e-01
1.417046047216501403e+00
6.023134955241320476e+00
3.735348599583061535e-01
2.295703799089263697e+00
3.285358890716444602e+00
1.777632561976395298e+00
6.187933002586296638e-01
2.964294696477383972e+00
4.311176711329882671e-01
1.029163209799480860e+01
6.759754861771678058e+00
2.964695832375828788e-01
1.204791082381236472e-01
2.743322187605293228e-01
1.224379782480921497e+00
9.379419082195821211e-01
3.530195467828586842e-01
6.167466556461904670e-01
4.680152830435011069e+00
3.533042071022162833e+00
2.812284431715717514e-01
8.585464067230197394e-01
2.558841282979867904e-01
2.680181745079637246e+00
4.400850432570499460e-01
2.111664519122021577e+00
1.314665038692124810e+00
-1.629032598007213450e-01
3.212936750847936729e-01
1.802776380405289591e-01
2.270114020289228929e+00
9.087554514634983427e-01
1.233144366793919700e+00
2.397129371681071541e-01
3.637515320918152550e+00
2.353367858781779010e+00
1.385714628880574117e-01
5.407032959247479731e+00
1.136054604095605436e+00
3.602333365921652208e-01
7.721918082951098050e-01
9.946989868752863229e-02
9.039308682490936331e-01
8.653752830822273312e-01
1.466231268087238582e-01
2.888433702847723161e+00
6.220683481487209177e-01
1.233587508346677408e-01
2.079732418882594414e-01
1.406856688477775563e+00
9.325820479314976819e-01
5.047214709012983747e-01
7.182088083970772363e-01
1.125068709280099055e+00
1.150693919005714605e+01
1.605855015679398479e+00
1.082916309462605975e+00
8.334966266577314986e-02
1.097705214369427251e+00
7.447039712608276574e-01
2.488555511433538037e+00
-1.216448772714936923e-03
6.245425772246331331e-01
1.445879809357880352e-01
8.824435544054929359e-01
1.401717025332110400e-01
9.491487295003060431e-01
4.227395466456002060e-01
5.915916654379703710e-01
1.185708438687589128e+00
1.103185127973687063e+00
2.471949238202691301e+00
1.128846149275621435e+00
1.070454068859896912e+00
2.115682790979306560e+00
5.590824634971212070e+00
3.760246586442597128e-01
1.729790891306490552e+00
2.049095839128888930e+00
5.264437094259068139e+00
3.525221017899224929e+00
7.839058177303405150e-01
1.154791222663877903e+00
1.043210202093443284e+00
5.192412754068235436e+00
6.346646248308158711e-01
5.535745704917601762e-01
3.687142806779698745e+00
8.216738207503370139e-01
2.651645271882057120e-01
1.365569244910788349e+00
2.448115334929025222e-01
2.296895487676667569e-01
3.441644311664267430e+00
1.039516820804028852e+00
2.080974900575522568e+01
1.436612170188487303e+00
7.741884722752158110e-01
2.927224850289372182e-01
6.712381855981683909e-01
8.394317428599602948e+00
7.410156053655471142e-01
2.136710534780554838e-01
3.491282167213966670e+00
3.451654684793097894e-01
3.277068354043313647e+00
1.390710634685067060e+00
7.383969926059349431e-01
2.543778354830708022e+00
8.032466813261500693e-01
1.174805117725485681e+00
2.490234484302136786e-01
7.492043077781176841e+00
8.208868780368968388e+00
3.333410744897108424e-01
9.121314955913227551e-02
1.848403399973070460e+00
1.211102862598952612e+00
5.231968792425125692e-01
6.073091028454514984e+00
7.611564728813220437e-01
3.272346825148531035e-01
7.800187064796857861e+00
7.497926357970365885e-01
6.912025404914091453e+00
7.417010284591623037e-01
1.494007878890548868e+00
3.049109608829849272e+00
5.987560609312124749e-01
8.243121466633017702e-01
3.943603221699275574e-01
5.990902627304647288e-01
1.107019270384322684e+00
7.115946018766409864e+00
3.317875419843281937e-01
9.031047920155097497e-01
3.528683740542313263e-01
4.603831594361639801e-01
2.901546865111993001e-01
4.420730555089710023e+00
1.026846495742134602e+00
1.022567417966443903e+00
6.286234158193535038e+00
1.947041149900478718e+00
7.706747817609235218e-01
6.102188591529548845e+00
1.605380746309969853e+00
7.492144205916952959e-01
5.322944387195409632e-01
1.786488134427765440e+00
6.007719856000439673e-01
5.482775101852813471e+00
3.964114359044424774e+00
2.832188584360162409e-01
4.574551852274942654e+00
2.150399242776594722e-01
3.611614244120386341e-01
7.581767627110863605e-01
3.676477202999771654e-01
5.806209498086898346e-01
2.812965110270900237e-01
6.243875290030327374e-01
4.866432873027171646e-01
3.035617173946097980e-01
1.789592824776774282e+00
4.131650431581665971e-03
2.808162335640336793e-01
1.258904435529129673e+00
4.094969293356925943e-01
9.895543003953173766e+00
1.698869107591964189e+00
4.840197567177152993e-01
1.131901097969334691e+00
7.634111082180539132e-01
1.341268393380780743e+00
1.381588040945804785e-01
4.417487804896627068e-01
4.294913485562666389e-01
7.278526964480960260e+00
1.291994159561280775e-01
2.472901637218016258e-01
2.733310411945213403e-01
6.949444725328953743e-01
2.927515149875859812e+00
1.292907569218541266e-03
2.523410834796120383e-01
6.083169428710681892e+00
1.765323752009697600e+00
8.155380579378762596e-02
2.880513105587735545e+00
2.630926223872021907e+00
5.829771996100526543e+00
5.717640139218929107e-01
1.526112869633083680e+00
8.474899874180867876e-01
4.368832671424792702e-01
3.697844221143610888e+00
6.577589048685805739e-02
1.928487189214660169e-01
2.478686556799837959e+00
2.575008105812507941e-01
2.696799477135232714e-01
2.915571869529618998e-01
1.670772966662347203e+00
7.787034507657525362e-01
3.234951668759721288e-01
3.887300389514359189e+00
2.471200599761309846e-01
5.078987375008621186e-01
1.039116437744808108e-01
2.165899202546059943e+00
7.567088649681001922e-01
1.786616404950623627e-01
4.113022844120869381e-01
9.283250949592940504e-01
1.388548498931624353e+00
3.269229813312949928e-01
5.613218503963525841e+00
3.626929198870568971e+00
2.927467167838086137e+00
4.125894793541401206e+00
2.865453804877530208e-01
1.843909135306661007e+00
1.012628602647800413e+00
5.303087264108582444e-01
1.217824608091083727e+00
1.994075807397848843e+00
3.796417618714570952e-01
-1.161243059499254826e-01
2.021075414490347111e+00
2.903097460357713988e+00
6.697500413975901346e+00
3.023215061674423554e-01
-9.709000495504044662e-03
5.326611873673365416e+00
3.409732379611030151e+00
1.705411350819951100e+00
3.011050911943900510e-01
4.320113570927783808e-01
2.720954638635147416e-01
7.315050386095481860e-01
4.874966135353990260e-01
3.747227316625627025e-01
4.926849957068907493e+00
6.688835172120036754e-01
1.373690044447952952e+00
7.262288847173752337e-01
2.114789255809424173e-01
1.173060419099068108e+00
2.403580202415598055e-01
1.194905969361145681e+00
1.910510054416925396e-01
3.642653357940682124e+00
2.330252488525222654e-01
5.145605147412767977e+00
1.462826839294336878e+00
2.699822504999623007e-02
2.089273498677010732e+00
2.319000933469232528e+00
3.224868679770037661e-02
2.708758043081077593e-01
6.768474037241686281e-01
2.855377216064712620e+00
3.825540934960232620e-01
5.648300817029782150e-01
3.145574235975573951e-01
8.103803846484919360e-01
6.225404058005133301e+00
1.801627058957878391e-01
3.062307340719824467e+00
1.332448021804701233e+00
2.320381256825626293e-01
3.825612804383494159e-01
3.966889994388593799e-01
4.767006773462791336e-01
4.559932112177682573e-01
7.133972008140465171e+00
6.906474981384227441e-01
3.572338849071168831e-01
3.069436720471870883e-01
6.268666789282264062e+00
2.550841920202708835e-01
7.437735056960658397e+00
3.937776929259245717e-01
2.506913746770515483e-01
1.921236178566804842e+00
1.016961286132630482e+00
5.719711839972165812e+00
6.083547913312123967e-01
3.040106185855968035e-01
1.682928109992298360e+00
2.143374411179517491e-01
1.201059042039112157e+01
4.888018419912159906e+00
3.534088004772815983e-02
2.927277643676866603e+00
1.519492487102834799e+00
1.621284435130662671e-01
3.030088327884596366e-01
1.459196984594005320e-01
5.546033873846295315e+00
6.872571649242417147e-01
5.298232734164314284e-01
8.708970514357856629e-01
1.602837437053858727e+00
3.860769147354699005e+00
7.450747842327410941e-01
7.317709670056703475e-01
3.197053892922253837e+00
1.926196462924386621e+00
6.723387788888296468e-01
1.258261204649215870e+00
4.976571416143678595e-01
1.536916393518512614e-01
1.148408755940941717e+01
1.332331460379666321e+00
6.982047791956039751e-01
8.842257413277517797e-01
6.807011769640658017e+00
2.143314226586886528e-01
3.672154057915280045e+00
4.401962082962651124e+00
5.254875312147678779e-01
2.097508757337724905e+00
1.541573486664577164e+00
1.064415235519779040e-01
3.413809493756185254e-01
2.973649927629149481e-01
3.090479760033390533e-01
4.276853726946509560e-01
9.495273116421701909e-01
4.032781575457785594e-01
5.630738677145072923e-01
4.531092919926076767e+00
2.177806522630664876e+00
2.795793165462422625e+00
7.737081446162269449e-01
9.085722180730977371e+00
1.924052651340839581e+00
2.260343974096290232e-01
1.790079258778611404e+00
9.682267045833629071e-01
2.807885278026298614e+00
8.539779240979271657e-01
1.939624199159753370e+00
1.551397656272838210e-01
2.474509027784168591e+00
2.361708399595957353e+00
8.564197914012395829e-01
5.695516262039785477e-02
5.806297399539094961e+00
9.108382688254534898e-02
1.099591020696492505e+00
2.582055223211509043e-01
1.171955009167571921e-01
4.124528550588181020e+00
2.298439592016277844e-01
8.017356769849863785e-01
1.875314692713437204e+00
1.662179704091634402e+00
6.742113748830357300e-01
6.204094733795705308e-01
7.778834010987781822e-01
2.579906285274944922e-01
7.972213780962088547e-01
5.775748943484689812e-01
1.067285176029529881e+00
6.193629209169533745e+00
1.003569100025523964e-01
5.630698594091961828e-01
1.278467965333182965e+00
2.449640213297609836e+00
5.270262181265079171e+00
2.751918527762403088e-01
3.398524764939443998e-01
6.687284583366569279e+00
1.667168825976002688e+00
3.559914280980702728e-01
1.634501363732018486e+00
5.247607860458626261e-01
6.496992406115206009e+00
1.117521341029877435e+00
2.223486869985193071e+00
6.291469093022302950e+00
1.467344575962275632e+00
4.130175658257212445e-01
1.732218594934144207e+00
4.775343081154776459e-01
5.808115952016558836e+00
1.201371643891010255e+00
3.814737903344633807e+00
4.990646815327636765e-01
4.933707849686180147e+00
1.516885719655109099e+00
4.786816250518643456e-01
3.579456497782739444e+00
6.681955182226371193e-01
4.232654728777819342e-01
6.899282128343532383e-01
9.852384296174006018e-01
2.763976601755235851e+00
1.371424154221515090e+00
1.007055550003743971e-01
5.695631154807002661e-01
4.475912259818311534e-01
3.173204676970883820e-01
8.817167280519817574e-01
9.176923318250461037e+00
1.714347074276954652e+00
1.657531845801603065e+00
1.917685578909502364e-01
1.503840111791085565e+00
4.792606112088707349e+00
1.251790819435250057e+00
1.660509702171501178e+00
2.613948479871113673e+00
7.372370797670191322e-01
4.724990763775804403e+00
3.999173020269693790e+00
3.431996096929411100e-01
2.645808246193099844e-01
9.880042326748125769e-02
2.421853479545723886e-01
6.687567322184689855e-02
8.660929902143079673e-01
2.265890669691193460e-01
1.318704430214381107e+00
7.520574335921521580e-01
4.341690538563086066e-01
4.650126678278737380e+00
1.157503783155434540e+01
3.135800935103122189e+00
3.594490367513592854e+00
5.914143561350124756e-01
9.834358503196472867e+00
2.486111848401833413e+00
1.672557865440952307e+00
1.898031707519943212e-01
1.120872396714750474e+00
5.694296920557538888e-01
5.067129463794763922e+00
4.885480550337651273e+00
8.165331056808673438e-01
5.914442332217725529e+00
7.561134442176996595e-01
4.417354627810999190e+00
4.044283554783459911e-01
5.947248420428921101e+00
3.767805626576032907e-01
5.235379687129778636e-01
3.233684848453963756e+00
4.239848834051555215e+00
1.720187992465776472e-01
2.364181818400804824e-01
1.818085136532506807e+00
7.930591733553739309e-02
1.271946044781734120e+00
1.148352789072669244e+00
2.525799824684604289e+00
3.249840465606975148e-01
7.489886863144387119e-01
4.189169997002060164e-01
5.408318503352543827e-01
1.924190889704115448e-01
1.011597598284078359e+00
6.414487065313630998e-01
3.208494002512942700e-01
3.139395165055927084e+00
2.053281655253273719e-01
4.799996997331917648e+00
8.353491955368061994e-01
1.247489416495607850e+00
1.357668656003900853e-01
2.174134172994547587e+00
5.132958401343641341e-01
4.462089886330507404e+00
6.280748105345212995e-01
2.657411872294929811e+00
2.767337615937047968e+00
2.171688962012500390e+00
2.644736560842563811e-01
2.338983329334984596e-01
1.050908379071145538e+00
2.170571313489230714e-01
2.805889756573957672e-01
7.201072296305025544e-01
2.601836735060678141e+00
1.104667596714318245e+00
5.243824814803909051e-01
1.351170094208170136e+00
3.957261109865332915e-02
1.376102434898910820e+00
8.575098474003495230e-02
1.921403766846598304e-01
2.800631026998834816e+00
2.270659656809112192e+00
1.390895274125791170e+00
8.050222392133471461e-01
1.129407405065649073e+01
8.855793777838418812e-01
2.861872495780203529e+00
1.083667376115984154e-01
9.449779615058104820e-01
1.499955379849928494e-01
6.550134206758096767e+00
8.315303681835753968e-01
2.761526931057709078e+00
1.820919510040667766e-01
9.374263036593008636e+00
1.211010577764521035e+00
2.087694761519829911e-01
3.413508133713482717e+00
1.642546258859339248e-01
1.876971107610164502e+00
2.262915631974828923e-01
1.146940701468877194e-01
6.909929621885963158e+00
1.176018356301268142e+01
8.193233375820387465e+00
2.585458516622157088e+00
6.312932957844731297e-01
4.690649753631588870e-01
4.707501599886196431e+00
2.924809497086945931e-01
4.936852501649628966e-01
2.102691031009818190e-01
5.837036733872776884e-01
2.893910627636530286e+00
1.080580684931641278e+00
5.852241798063491374e-02
7.389722429601675913e+00
2.208100871939253085e-01
9.692749308066586078e-01
5.408059994626647216e-01
1.352863267177025985e+00
3.725110825423316729e-01
5.629132249821678258e+00
2.587593079584969979e-01
2.159800270436695424e+00
2.292538819083445034e+00
4.826266469936497217e+00
1.360691057685149419e+00
7.614065332359641891e-01
2.176539515858342544e-01
2.783360098416962081e-01
1.377843855380500582e+00
1.398281736407793474e+01
3.817718534274208708e-01
1.974069747968492550e+00
4.211602107596041367e-01
2.846558540902059953e-01
1.946501123135214451e-01
9.739508579440164127e+00
3.497420436662885379e+00
8.325361529207084832e-01
1.024977974720840290e+00
5.655102929788012878e-01
1.493671317367651630e-01
3.477606394088618380e+00
5.055542784324680294e-01
3.553740198923560079e-01
1.556727532550220339e+00
7.570996112640978604e-01
2.510289126703789675e-01
1.331058019946941284e+00
5.092349085770030426e-01
3.574009472981742430e+00
2.437157929079823759e+00
2.425624813801301016e+00
5.445370545679799612e-01
3.792087908017008679e+00
5.902124442369804491e+00
-3.417868992320864663e-02
1.443917979823944320e-01
2.395360003401147519e+00
2.338219224207199742e-01
3.063449270656893875e-01
3.484850896870463899e-01
2.292428394534172131e+00
2.855569216797898546e-01
4.429547972317233295e+00
1.986768506709739812e+00
-2.039345790345469811e-01
3.225669027040838355e-01
1.040783353553284662e+00
3.715422257548066098e-01
1.017989080065226037e+00
6.601565283939427875e-01
6.249474197399838005e+00
3.508457352291399989e+00
2.001347996530899176e-01
1.491800990872715227e+00
9.483096978062071081e-01
4.020239394569775082e-01
4.096548642385878236e-01
4.963468833231782007e+00
4.190871295850359113e-01
5.594626792366485191e+00
9.219696647494883823e-01
2.678361439952123391e+00
4.827315965124460151e-01
3.374025936351711108e-01
5.720871277984529435e-01
1.166726405117651133e+01
2.097229062578765735e+00
1.605592095733072044e+00
2.169122170057889321e+00
9.572628761747035142e-01
1.045852591460461722e+00
7.597412301194030881e-01
7.431959510784455492e-02
7.805278206225958471e-01
1.366810057538156986e+00
2.946024684674147798e-01
1.723269189426045234e+00
2.165015179132376288e-01
6.734372774065170431e-01
3.493915010420781675e-01
6.006583591055429661e-02
7.404415528452716888e-01
2.753642876085822255e-01
3.838563083863308911e+00
2.167153692921667929e+00
6.137596521318329224e-01
3.594990045231017395e-01
4.357849315441074678e-01
2.812931384703949877e+00
2.437836944055506716e-01
3.065615973976076325e-01
5.299807558330265483e-02
2.753758892528494484e-01
3.959908790778977061e-01
2.444722275243099707e-01
4.957006909902010872e-01
5.426573365414176786e-01
1.065800034381096495e+00
1.406813656842283544e+00
1.343177410948090733e+00
2.163906410681675663e+00
4.118068232288317754e-01
4.668237906295757411e-01
8.036894678060997776e+00
1.141281287819717427e+01
5.797584716788355408e-01
9.117304524295030133e-01
1.439854859814007959e+00
1.033504851422089477e+00
1.149396938254003686e+00
4.862665251852095749e-01
1.495862959308537965e+00
1.541972484377710506e+00
6.973592718281415026e-01
4.010729360100443452e-01
5.731541200341399467e+00
3.258331955865420015e-01
3.941495024761831334e-01
3.543677381826940143e-01
1.426089498989226101e+00
7.001113444910497030e+00
3.792352459127009134e-01
4.743979831540998116e-01
1.252395443378990780e+00
2.914897954388399048e-01
1.540455180929707624e-01
2.518091705418315507e-01
1.555525455263123469e+00
3.487436731374358723e-01
1.682335087909441862e+00
1.044949215507873785e-01
4.718507008634835187e-01
1.384074311482678432e+01
1.509248388017350395e+00
9.257664367126725580e-01
6.609856824327244862e-01
4.382013597976741615e-01
4.296495931271824276e+00
3.231354072315170134e-01
6.939213558605396015e-01
9.309450680962128022e-01
2.730917902059045055e+00
5.131082700413196029e+00
1.139857620037961344e-01
1.633469480493350501e+00
5.288563964179768817e-01
2.314515561690920542e+00
1.250528472891014253e+01
7.431517264636015696e+00
1.052689428865469168e+01
1.631159269925346988e+00
3.030875110404584460e-01
1.932373155793698727e+00
5.720048537096219521e-01
2.596534191008417203e-01
1.596154803494814201e-01
9.955194550660992903e-01
1.859713854710971948e+00
4.568333997688920789e+00
8.609144138153809189e-01
2.664528235521867572e+00
2.251744711478849137e-01
1.456085475919819128e-01
1.082372010645754751e-01
3.491400111746218449e-01
2.284973086600763370e+00
1.364821508361258262e+00
3.050262935328102110e+00
4.778806833142967392e+00
6.798068506325575022e+00
5.640167668002408208e-01
5.979854911546491625e-01
4.957952391416876381e+00
5.279746155126822243e-02
6.951301274040140754e+00
1.650648381570117618e+00
6.076127532061949665e+00
1.903378121923431912e-03
2.161455919534690739e+00
1.787946525698169031e+00
1.991771468615900487e+00
1.395363560649930168e+00
1.034160976732623416e+00
8.595754462318557776e-01
7.121676214769215862e-01
4.018575887369179589e-01
4.274689076413733524e-01
5.270169879539989832e-01
2.307850175050488450e-01
1.494142661526616456e+00
4.194949209382735078e-01
2.908099710700370322e-01
4.606171322572960025e-01
5.550628715650282041e-01
2.995172784446067937e-01
4.958426857446488478e-01
6.676607205767906006e-01
1.585344254771191633e-02
5.327753415738206710e-01
9.160856362510559903e-01
4.928737511076488609e-01
3.772309733619770178e+00
3.631794489705586493e-01
2.031463768061414210e-01
2.730915603639466616e-01
3.601089642171763638e-01
3.492796838328181774e+00
4.087050731362737443e-01
6.963656501200188309e-01
3.380020825090636727e+00
1.486830830539527692e+00
3.158064721488010873e-01
1.715242781615277323e+00
7.688774689186761435e-02
2.931188013962374050e+00
3.239698925810519659e-01
2.814114818683816077e-01
9.964183017160912481e-01
2.022742091622134808e+00
3.932284923781995123e-01
3.618243642029101426e-01
6.171590716753565520e-01
1.913223946397130948e-01
3.438957378419255639e-01
9.318272038508901289e+00
7.679856843368236818e-01
9.771590544466530304e+00
1.651822771718902683e-01
3.786423043401824784e-01
2.203086151515180724e+00
7.521814138532660621e-02
1.031342585798205924e+00
6.241975667778159043e-01
6.793739620615606434e-01
1.109336286992675807e-01
5.418840947270202602e-01
2.126672114086901599e-01
1.297099505038222134e+00
3.163970952811813397e+00
7.734958540992096232e-01
1.569483081490014253e+00
2.931741651170592711e+00
7.874075501241397212e+00
3.537541716588105678e-01
3.351682610474689405e-01
2.436007445797487847e+00
1.964190536371690499e-01
3.049798071220530815e+00
1.313887761600581294e+00
8.816899998710185926e-01
2.408379106313324886e-03
3.369073361211532558e-01
7.025494396021612908e-02
4.192570636150677044e-01
2.400166679073035603e+00
2.925558310961961173e+00
5.287549603419068767e+00
2.510601266887758420e+00
1.685708126920562877e-01
4.946185709644078110e-01
6.636543167256055975e-01
2.792988858691638487e-01
3.650049392364947409e-01
1.387602476334776291e+00
4.974004716513343860e-01
9.163121682700098303e-01
2.765073354883079926e+00
1.972893835646510052e-01
1.756046699512359421e-01
2.046036380096866392e+00
1.564008393431794708e-01
4.699126665094366939e-01
2.847303942181007574e+00
3.722683495142574017e+00
2.280801694885559727e-01
6.531063863855464113e-01
5.669098809526590399e-01
9.229741463865515083e-02
7.526806245409878304e-01
1.358172010576245703e-01
2.377699118969359426e-01
3.769311450419875253e+00
3.872533138156328825e-01
1.308199387396573599e+00
8.603245604510686428e-01
6.069552581170873928e-01
1.168554180601047099e+00
4.302914961015380513e+00
6.536207474913001469e+00
2.176270036170893540e+00
1.453881954310876523e+00
1.177729980620618955e+00
2.093744103519638688e+00
1.416482257298185554e-01
4.918490051760069370e+00
6.889199615839740609e+00
4.605772975415967529e+00
2.342513269627263472e+00
2.117298518332965784e+00
2.262338794072360049e+00
8.135811092017698698e+00
2.876597742942136549e+00
8.489028627717731812e-01
3.088021040305507503e-01
4.061566191177432006e-01
3.907170582224083200e-01
2.194434480896670259e+00
6.565761076547916852e-01
1.036189633348294503e+00
4.748257105939496014e+00
1.872678868171405053e+00
8.837858491040591069e-01
5.052841772901245365e-01
8.798247718823195562e-01
1.086929009583837313e+00
1.360052519190369402e+00
2.156672758449665217e+00
2.706778683190417478e+00
3.205217443082834516e-01
1.251533773274872141e+00
3.083494210418649573e+00
7.874963170882459673e-01
2.081457881147795452e-01
2.472694815290764403e+00
2.605491652894347254e-01
2.873277408132936528e-01
3.122793530615291413e+00
1.937916497997720811e+00
2.950156780658427791e-01
4.217149931939851576e-02
3.956039395047093787e+00
2.009724159764956497e-01
7.837381132686167540e-01
2.495581268074010817e-01
1.891285046641653922e-01
1.353054051990289963e+01
3.511648834226695493e-01
8.813615333592114132e-01
4.206703074133296028e+00
1.193438076213276799e+00
1.855125504262818303e+00
2.705900512042212491e-01
1.698242985421651641e+00
4.695292486078430638e-01
1.505074368312420141e+00
3.682309003424131699e+00
7.174969730863444362e+00
3.796821254604790807e-01
4.323892904291271044e+00
2.543893840137924300e+00
1.524385365390461322e+00
8.987046287463023031e-01
1.073061825073264863e+00
4.369058323011698608e-01
1.351360720093078838e+00
1.162415429631677100e+00
1.286404508344408226e+00
7.605922992733012977e-01
1.058879882132305994e+00
3.661670904419702666e-01
1.353039262924762287e+00
7.739983702769124285e-01
1.480637437909034793e+00
7.512030193736124462e-01
2.971059030225042363e+00
2.680920487624752102e+00
6.650642098344613506e-01
4.639337244543993433e-01
6.516581882455079189e-01
8.231637658761601362e-01
8.365193334432701633e+00
1.030044125764353558e+00
2.435845728057879356e-01
1.633559500482698046e-01
6.874082669620609765e-02
1.859115324843362949e+00
4.030726167209053301e-01
4.612860936269966849e+00
9.631166722243275080e-01
6.921317818148986500e-01
1.564587607078904430e+00
3.229920521875647710e-01
1.372357882397444051e+00
5.027336114983092408e+00
3.429323020420600443e+00
6.736721226900839188e-01
2.049522072281080742e+00
2.892959581594816143e+00
5.742396296193416072e-01
3.085204865034199551e-01
7.658670346344236712e+00
4.846426857127359433e+00
1.270945862770021861e+00
2.341033638050914245e+00
4.241976445059491424e-02
2.704639033832014761e+00
2.740645075108792295e+00
9.170351839794891546e+00
1.885190609076775603e+00
3.188643270485722603e+00
3.947740875715822773e-01
4.320739701826107337e-01
2.351962011446866452e+00
2.094771545289899062e-01
1.604347567400457919e+00
4.138567976541662752e-01
7.103924010777825648e-01
2.058325208530542849e-01
7.778089091371251929e-01
2.468855368748998358e-01
9.380733287496493489e+00
3.834971560022370607e+00
1.859910317628570287e-01
1.084633530581345440e+01
2.646473961603857949e-01
4.234751377371478220e+00
1.173812000888375673e+00
2.671390561624632509e-01
1.037485517158158732e+00
4.346228739808352115e-01
2.412907544259228931e+00
4.179880613027487368e-01
2.634007503621845214e-01
1.125457351664750361e+00
3.001306922346639317e-01
4.411219103716112144e+00
3.046037805031824863e-01
6.830828960661128324e-01
5.066269011646717946e-01
1.205086623370816151e-01
1.927303718984813230e+00
8.867392671156121509e+00
2.630453707886837855e-01
2.644958215595026307e-01
2.970670371954264422e+00
3.024990639779120416e-01
9.247750445597734625e+00
4.481591486675902125e-01
5.562947318753252990e-01
3.373395859032279454e+00
9.139458479868809437e-01
8.326150680202861962e-03
7.825900076935682570e+00
8.638548707596863663e-01
1.326458248616681823e+00
5.531982302334451651e-01
1.172109599944297109e+01
4.867597187511026879e-01
5.939596485567937290e-01
1.099028708659912645e+00
1.923077752413768493e-01
1.900565209421305246e+00
5.060235831090929004e-01
3.902235532697281295e-01
1.081566080611984226e+00
4.230934192738023403e-01
1.691608617423829175e+00
1.132205396766864380e+00
1.972691976526062263e-01
7.279994387118713384e+00
2.682578535057701608e+00
7.828923791091279005e-01
4.546831066540039101e-01
3.463450739172380555e+00
1.390641741292114153e+00
2.251463432671707010e-01
5.690123763231278442e-01
9.079998046959300018e-01
1.061753320476713780e+00
5.853542858849879238e+00
4.070935002461213870e+00
1.792409779471644482e+00
3.404889544916987476e-01
2.618689427355336274e+00
2.023708135992566604e+00
3.851148086897258516e+00
4.136808032369472810e-01
1.518788163964283899e-01
2.968825633257650587e+00
8.581747639722137055e-01
7.376856050133531184e-01
9.159792215538751226e-01
7.794554520160713873e-02
5.502335108823528526e-02
8.684293029101116446e+00
1.512893159754697736e+00
2.270388810422127313e-01
2.611737665691828969e-01
2.499884278757124323e-01
2.893144858413577047e+00
2.001737043260623405e+00
1.094136922310922522e+00
3.030284386221809290e-01
1.144944954662902026e+00
1.445843098025037521e-01
-1.099064967381129243e-01
1.215624269754134845e+00
1.930724355422603233e+00
7.258144554616273503e+00
2.773688417954441737e-02
3.468908746249986796e-01
5.311205175646808385e+00
2.611881356102728979e+00
1.356204026634655335e+00
4.727627322273271759e-01
4.420109771603781268e-01
5.241632604758001968e-01
6.409931103348753823e-02
1.611939011496435592e+00
5.416438405585308757e-01
1.863501180035125770e+00
3.582939689547414819e+00
1.920158533463886541e-01
3.189817953924404481e+00
5.867822419891044916e+00
2.065377887659534950e-01
2.915201612302827372e-01
-1.708950997450927045e-01
1.726197266799013530e+00
4.318522740001006222e-01
1.848340149578135694e-01
2.675740758981486334e-01
1.227938861672533122e+01
2.710952956441526673e+00
1.110662395612560527e+00
1.741332128200516083e+00
3.637723835825456664e+00
5.709746919655638714e-02
8.182041583848684851e+00
1.924094237146162234e-01
3.881124482549717758e+00
7.559803910417162598e+00
3.345746332509276666e+00
9.204908523265328268e-01
2.726902430427152080e+00
1.283849595198373050e+00
6.903557941552139532e+00
5.322375089612592092e+00
1.812456524804482827e+00
1.700878241804308078e-01
4.749651164479903875e-01
5.040904831622747273e-02
2.808089531359645452e-01
2.123519669925508502e-01
1.392043390369568812e+00
2.312233970047491649e+00
1.990697348756470975e+00
2.761340779421631586e-01
1.906115765343559254e-01
7.161459402211990399e-01
1.991122362657262945e+00
3.511456680050606960e-01
1.092580799577234751e+00
6.143264280448669901e+00
3.158613614205582620e-01
1.506590642337292785e+00
1.900065377772926223e-01
4.190909637546120226e-01
7.215071359015426289e+00
3.785137236907448743e-01
2.350642463087073253e+00
4.880791237901703994e+00
7.670035977553978090e-02
2.329798133628929180e-01
3.983891016513910088e+00
3.948944461752844415e+00
1.203158023317320913e+00
1.074261515514532528e+00
3.075942067569169769e+00
1.236531138927995155e+00
1.028930989458798129e+00
5.689310182788631653e-01
1.623386141083688061e-01
1.504164154927964292e+00
5.256396421196337654e-01
2.229402806372999368e+00
5.204081027551093336e-02
4.778887934667289672e-01
1.259080752619871291e+00
6.463196659808989608e+00
1.101559804418565491e+00
1.301686725902827302e+00
5.986561349278152200e-01
5.483268330092067044e-01
3.323958354591276976e+00
6.853725941497882390e-01
7.120508431349154010e-01
1.312202972574012749e+00
3.562714479614865759e+00
2.157032959416321560e+00
1.171947678300215401e+00
2.676080470374000431e-01
4.445696518823770149e-01
2.621179720808029523e-01
1.970528260700082468e+00
4.811633143185032324e-01
4.856810003966756661e-01
5.731457909334156664e-01
7.813148041952073797e-01
4.363998808812941110e-01
1.436960719018324228e-01
5.974635515336191860e-01
6.551426586956687892e-01
1.255920411937003101e+00
1.645663055359213756e+00
6.172814279267906379e+00
2.820285947964543682e-01
3.363792094584169834e-01
1.212972593592067883e+00
6.706004706963560658e+00
2.409411855028320559e+00
2.360489920555990384e+00
2.508459136266424583e+00
6.772204376806056914e-01
5.874998758267205190e+00
5.518643127277015337e-01
1.671469329958021333e-01
9.496555973332819756e-01
1.121640714001263861e+00
3.591298073829177206e-01
4.464657020098163898e+00
2.072214200994143329e+00
1.402899349845675880e+00
1.914282131000079934e+00
3.140288953853827447e+00
2.179715899139976543e+00
3.457864422309031016e-01
1.735758222320137545e+00
1.254869665232313469e+00
4.170162504909690426e+00
3.014782714153258603e+00
9.658777016463518938e-01
4.274741294859826790e-01
3.219602085334289376e-01
3.933434005752962648e-01
5.743309255011883607e+00
2.962979382932382499e+00
2.312191519075673884e+00
1.858720077735446230e+00
1.121524537140799749e-01
3.739127734673497461e+00
8.308198045327723274e-04
9.626630777463418553e-02
8.622419734756785192e-02
1.211136282314605683e+00
1.686015001622188203e+00
1.168767786862940916e+00
2.735927899901912763e+00
9.766672064001008735e+00
7.880054725552427808e-01
1.153954785180504539e+00
1.045322996114459446e+00
1.021848984541153271e+01
2.315228388432499229e-01
7.730072772361801237e-01
3.535045019222928797e+00
1.747455500801893269e+00
2.162983561640956509e+00
6.180253097196533041e-01
8.467142217556219208e+00
7.172991625144404804e-01
6.646667401044731305e-01
2.320287085199362664e+00
1.170129878977210547e+00
3.439460546454098377e-02
6.096595263299646739e-01
6.740644847008453455e-01
5.146994269939262345e-01
7.186623368676019474e-01
-8.214135348195616970e-02
2.906268412156510217e-01
1.660594050454515269e+01
4.020697097880435167e-01
9.001048580382955411e-01
3.239624652264781801e+00
5.754455978874692401e-02
6.792997209326934183e-01
8.762470528819246152e-01
1.698706013934356163e+00
1.254314286862586725e+00
1.762499820280958751e+00
-1.528480780865021094e-01
3.253694477882827507e-01
2.511353435193377059e+00
2.221104385243742207e+00
6.104426220569171058e+00
3.728327827344023460e-01
3.591435595727572871e-01
1.044110523411927449e+00
2.179571527425292032e+00
8.256230576787196851e-01
3.440910863219083238e-01
4.242649199630985080e-01
1.996053636370871964e-01
1.057450834237333659e+00
1.848824488002869515e+01
1.799625896438166173e+00
3.026920433889109252e-01
9.612523145462790186e-01
7.430544283878567358e-01
1.007286310996645007e+01
3.145644170509239057e+00
2.083491232932968895e+00
4.244360608892911446e-01
9.290234121217042507e-01
9.454346506282808038e-01
3.851311349548957708e+00
4.216313620003988571e-01
1.841501485320136799e+00
8.836572363819003018e-01
1.763194617657456220e+00
2.987412952812101841e-01
2.890333546543653043e+00
5.769882346063435197e-01
3.639456923892790963e-01
3.360355906040985108e+00
5.309208320038388829e-01
7.197889431539899796e+00
3.042348948517732854e+00
1.147987153310045860e+00
1.161851533345241716e+00
4.592165833751367110e+00
2.731018003535045313e+00
2.095873904986535141e+00
2.164789517816350095e+00
1.648169340734876087e+00
4.293651543817513239e-01
4.961870621541076609e+00
1.654434519630890499e+00
5.093791477394070677e-01
1.644068648415976552e+00
4.690481446856933356e-01
1.289499268728361869e+01
8.682464431925868809e+00
6.480377744132985729e-01
5.817402203664094884e-01
3.739972165020367667e-01
5.155378196751979336e-02
7.565984464624952999e-01
2.346510819639550660e-01
5.172829138163970858e-02
8.970152733348960572e-01
1.111583804384519425e+00
8.754430455576545089e-02
9.027041031679530203e-01
1.088643120057015468e+00
1.055714043830330517e+00
8.660399099557161695e-02
2.391145675023255812e+00
2.169433505919516225e+00
4.612581838963630831e-01
1.636696433375108006e-01
3.711567324227477371e+00
1.463551661508686763e+00
5.025422719242502723e-01
1.305254138967391342e-01
7.700433517527712768e-01
7.325141573245716131e+00
7.029566860803181383e-01
2.565730342576472145e-01
2.734059701295329603e+00
5.756596792524468320e+00
4.709980549977949016e-01
7.739893745789215851e-01
6.791096521985935386e-01
2.436918739492157371e-01
8.970783637728296789e-01
6.638642258016608233e-01
1.017401016235642075e+01
1.043206177671027968e+00
5.222911468630966336e-01
7.029416958222713951e-01
9.077111393688078067e+00
6.462433478590366986e-01
2.928722473291745843e+00
4.928281188361137155e-01
2.985348348710619160e+00
2.561716142770690263e-01
6.414438674919537675e+00
4.587511030071009799e+00
1.570673299334924555e-01
1.130781215144115670e+00
1.977818195171143767e+00
6.575208678883109892e-01
3.302602946573442999e-01
7.499230864481758019e+00
1.686985756445382179e-01
6.880978676105119485e-01
8.541734715520038490e-01
3.236691472905224853e-01
4.487358814512914518e-01
4.827820388392705109e-01
1.027232994934537835e+01
7.072999458595614630e-01
4.758106755931488241e-01
4.870046398068678672e-01
2.982722921984080955e+00
5.579455357163296547e+00
5.276885950795370261e-01
1.298125146183670475e+00
9.862391231039227435e+00
9.220903665432386709e-02
8.599373145195020385e+00
3.752811748336939424e+00
3.558092226783593492e-02
3.375159163029104903e+00
2.931919567904255786e+00
2.540987776128776354e-01
6.947594388652890141e-01
6.652941255826058664e-02
1.090268970766627710e-01
2.420713051313928332e+00
4.736500572597427544e-02
5.782973183113943039e-01
1.386841821983731127e-01
2.171219515810477729e-01
2.543592994275318264e-01
4.594623946258334923e-01
9.385337901552677664e+00
2.710228058300249709e-01
9.909507387299036907e-01
7.460030881552078164e+00
2.405099897284193045e-01
1.556294469388942447e-01
6.269835877073067776e-01
1.458265371609353434e+00
8.748457204968373979e-01
4.955267283150726065e-01
3.579957872883392067e+00
2.990942669836941237e-01
2.383041607912121052e+00
4.991043643565372112e-01
1.561891031814575115e+00
2.460035373659539726e+00
5.485432176921234415e-01
4.265009740938555671e-01
3.894902208435036872e+00
3.675706639274222143e-01
3.154072212333020597e-01
1.437028100743845460e+00
4.675543827370459704e-01
2.230035699675409600e+00
5.254739125450795356e+00
3.500822192482200834e-01
2.097622912059066369e+00
3.227189210174107870e-01
2.709062519656875168e+00
3.168653557345765925e+00
1.804823640938909290e-01
2.850491833270227815e+00
9.758677051541359004e-02
9.119727514441081651e-01
2.867402198218200193e-01
3.222469350137849298e-01
9.237054985224128600e+00
1.518578036477346593e+01
1.794100327238206916e+01
2.119448018786188825e+00
7.729621162503333309e+00
1.284474519741183041e-01
3.450354535465298689e-01
1.629215700728799066e+00
1.901751815312932470e+00
2.265911808499847246e-01
3.452422991887671433e-01
5.553199786763896917e+00
1.053945850767666448e+00
1.864762020408721632e+00
4.155483700890918453e-01
2.238235640950970440e-01
2.518940305788937017e+00
6.696732426279585759e-01
1.652746427812442409e+00
2.941901418836724291e-01
6.920236426950258091e-01
7.010765752902820003e-01
3.271389194670737410e-01
5.114849533346111921e-01
1.758296615626886661e+00
6.902467987374008906e+00
3.088125942354298936e-01
6.365631588858434720e-01
7.825820589268775995e-01
3.711658354737959797e+00
6.351704735630977483e-01
5.039983335581347257e-01
6.307401646158005137e-01
1.324529513969921135e+00
3.897923874669028121e-01
2.149479047586793534e+00
2.673009094026016497e-01
2.752454037189739022e+00
3.829465729783955719e-01
7.909389571795673035e-01
2.058843993248274939e-01
6.495174403200847379e-01
3.853015850129516973e-01
2.410835878126584841e+00
4.697266705210922932e-01
3.945520759823183954e-01
1.211162871436606725e+00
4.457839249618781863e-01
5.650664417408879814e+00
7.371373550890568005e+00
5.462121104723106413e+00
4.670471876977391745e-01
4.530086128840998816e-01
4.677183830504950263e-02
3.484200293843274565e+00
2.812863072586075486e+00
1.957783539453488375e+00
1.591313631105846449e+00
4.529588448771677989e+00
1.273215582346187480e+00
4.013395256006144773e-01
9.182996425704960108e-01
5.904776427794011795e-01
2.464727915941242742e+00
1.333464150845750762e+00
4.237616963285090854e+00
1.864447212277400290e-01
3.087810356848442073e+00
5.824901457365803115e-01
1.685645568505719227e+00
7.364071235433875984e+00
1.443797924640429997e+00
2.165861883764295392e-01
1.018174520268653405e+00
8.254422140537291952e+00
1.142630110634014251e+01
5.470508001314193791e+00
1.657363055531037332e+01
8.130987820565800384e-01
3.709648967540127629e+00
1.765672450720424669e+00
5.539072368307156324e-01
5.272638784468476558e+00
5.912083884455586746e-01
1.279745516451552989e+00
4.695679110978618453e+00
4.620835405625686176e-01
9.460727830471574507e+00
1.807098140559755262e+00
3.525699095426474972e-01
1.464232746954005904e-01
1.107779873324657993e+00
2.343970600142412652e-01
5.842888020124085147e-01
2.591099502046427250e-01
5.513538973653191455e-01
2.760635494139887514e-01
8.672796516535143940e-01
1.898210805096507414e+00
6.599591650900213935e+00
3.093257544883048382e+00
1.574523902924615637e+00
3.404109475539592200e+00
4.827440857629999860e-02
1.063312153194611309e-01
2.722223914386613930e-01
1.903484392449986240e+00
4.960703467262676108e-02
3.931572351750151628e-01
5.845862505494410222e-01
1.560710470124646143e+01
5.403193192940562106e+00
1.416451323199721390e-01
4.686227167601298760e+00
6.621913843085874829e-01
6.083990694531776100e+00
7.026082159892923507e-01
9.901817888199102580e-01
1.246752735739623530e+00
6.869390359948776004e-01
1.129282079327534438e+00
1.555324708541540035e-01
3.456276966653114013e-01
6.041797960424464264e+00
1.870249112647051737e+00
5.981781841723374793e-01
4.092943263087895467e+00
9.337547014571218051e-01
5.603357200209894140e-01
5.326147362942820207e-01
2.659322298146308827e-01
2.670748606303833816e-01
2.164596314531543886e+00
3.431814827491340703e-01
2.852091839978200927e+00
1.805946619819054577e+00
3.069633500260190995e-01
1.191093509722296107e+00
5.168115932787187283e-01
1.370034394761343366e+00
8.732889083396482288e-01
4.774884271386905965e+00
1.081867201386948363e+00
4.223101597869929891e-01
6.634684562485307913e-01
9.893651183221191525e-01
1.639165315728971839e+00
7.252761935152315376e-01
2.062832509100338108e+00
3.356778900082145523e+00
4.427642547274450169e-01
4.432921001157275609e-01
3.529589482584603033e-01
5.516710659776702386e-01
4.743327374788522732e+00
3.512796962712301241e-01
1.010404664779129380e+00
1.578116818558490675e-01
4.899206608922532347e+00
9.966432547730711411e-01
2.012008855571034427e-01
7.270250948371792532e-01
2.157602631529526305e-01
4.065186207715697719e+00
9.298956570671514044e+00
1.941167507127444125e+00
2.328738470982098241e-01
6.838664299923076229e-01
8.419013961196510465e+00
1.329236116246212296e+00
1.453432180943248220e+00
8.985423072748250917e-01
1.343898622371947571e+00
2.546833055708448978e-01
2.575850518275495937e-01
6.943117884088454428e-01
3.450066725165575221e+00
6.099093975809818380e-01
1.672271514291900352e-01
6.241862094900410440e+00
1.372752113815080000e+00
1.363174461799735004e+00
5.505855281393913225e-01
8.581863709272754548e-01
4.847597741519259706e+00
7.425732815960359723e+00
4.740572788131396376e-01
7.030212140611944882e+00
3.113143236773964206e-01
6.133465965965732014e-01
5.253154508280850621e-01
1.862818084457467549e+00
8.815630716303212822e+00
3.506135186837088802e-01
2.566106040294268698e-01
4.908087074572267117e-01
3.164932869962644446e-01
6.201487017856157635e-01
7.685588953691696368e+00
1.647831209702941946e+00
4.924098644285495596e-01
1.232790866065515356e+00
1.010310676835275423e+00
7.221973769860693393e-01
6.187225627583750054e-01
3.336952833380909533e-01
3.106687673866837529e-01
1.835303838882606620e+00
4.534816196381509235e-01
6.567494731039356104e-01
6.439519960352623196e-01
9.702094105212851760e-01
5.104189590982649571e-01
8.154312432721394499e-01
3.097980756674962310e-01
8.442336328136028634e-01
5.558975352811383885e+00
3.283354610041710586e+00
4.526692569486228557e+00
1.074229383117537989e-01
3.133817330935257051e+00
3.821881076978772551e-01
2.744123971038235632e-02
4.961589886812292627e-01
3.553334211292245914e+00
3.749675920498352966e+00
9.200075802240801792e+00
3.856114962122604961e+00
1.380067785210385534e+00
6.008344167456827201e+00
5.382195642684415304e-01
2.300388106373725261e+00
2.580068267714805130e-01
1.267650769515402231e+00
4.899699860317131339e+00
4.135839980321275866e-01
1.260403186871461301e-01
2.238542638188950884e-01
4.132072966063510933e+00
1.148644626561128534e+00
2.474698095162896627e-01
3.810161861375092052e-01
4.995379189545114396e-01
1.018829442718140399e+01
1.007416873504986121e+01
7.241305023083972614e-01
4.039128979679202924e-01
8.028428169953703009e-01
2.008743254764341568e+00
2.624319183256138555e+00
3.074616661802795914e+00
7.522038190052092732e-01
4.182242300192479112e-02
2.494664928823662198e+00
2.745229468959376473e-01
8.352231290021933097e-01
1.312785020156987592e+01
8.082387061199379774e-01
1.441325464326472128e+00
3.017622932253597456e-01
5.083743996544088928e-01
2.834541335318291333e-01
1.057891261364426905e+00
5.045475205769053284e-01
7.462224242961986498e+00
4.072351357538794292e-01
4.667649171204468206e-01
4.218326942399131529e-01
2.003483448517890508e+00
2.778586849040356466e-01
2.357616117157956548e-01
3.328186500052451535e+00
1.648488652858515646e+00
4.717616771017917543e+00
9.383045114733845615e-01
1.329486793016622981e+00
3.234778523239620451e+00
5.286404197721719100e-01
1.580613220725399559e+00
7.313655454090639552e+00
5.924869897251763273e-01
9.400335118616174324e-01
7.780297916180034523e-01
2.076113726859322162e-01
7.665423917459567527e+00
1.757834014598372019e-01
3.585305938867560105e-01
1.126101212098504500e-01
4.750063133299261331e+00
3.776781595724199025e-01
3.211221430035871460e+00
2.151593866702136981e-01
3.652292221084584956e+00
9.071840358076672217e+00
2.132456529258512923e+00
2.891815737197193315e+00
2.430518640865169111e+00
5.976429573141526230e-01
1.614136585282579306e+00
6.744383575491591509e-01
3.777407772591242274e+00
