4.477844276771918885e+03
4.611060922482040041e+03
7.493428322902120271e+03
7.513056708854061981e+03
1.531261116516071161e+04
5.644208797344612321e+03
1.323359031134757060e+04
7.335359629421943282e+03
4.267659066036128934e+03
5.862604197009749441e+03
7.588379331901788646e+03
3.982822248458110153e+03
3.926805541083600929e+03
3.768892946447842860e+03
7.692748259754268474e+03
4.603290475299447280e+03
4.271450807204665580e+03
3.819849971687287052e+03
4.195945986937611451e+03
6.610294035462707143e+03
2.601976469580975390e+03
4.477991226399372863e+03
7.214703148219468858e+02
7.574073498918902487e+02
1.371427039998892269e+03
6.768332094312997924e+02
7.914143935170468467e+02
6.849355505077718362e+02
1.659696383997010344e+03
5.054086306336457710e+02
1.124508425341135307e+03
5.377251828028537375e+02
6.083501416110816535e+02
7.580214776023163950e+02
6.982967340767211681e+03
2.416162223133758744e+03
5.595942606323354767e+02
9.418461148573165929e+02
5.962187279162225195e+02
4.514059402807725405e+02
4.003383447361670733e+02
4.470037088359712811e+02
3.729624275835929552e+02
3.463521285038338533e+02
3.323430049917014344e+02
3.789174449744334652e+02
3.702685447485772556e+02
4.032112753042811732e+02
5.908636891045658786e+02
5.179778338949309727e+03
3.634771730966731411e+03
3.342219041670092565e+02
1.482225207157917112e+03
1.264539300306126506e+03
8.731000000793977961e+03
3.300586417455549508e+02
7.551553804831457910e+02
3.660385487328654222e+02
6.998547462532640111e+02
4.439589500171632039e+02
2.774497097450862839e+03
1.392025785502960753e+04
3.320516496342743835e+02
9.400130407279596056e+02
3.072630787010334075e+02
3.007567296996471669e+02
2.668139338390982402e+02
3.126718347577784129e+02
2.649766609748250517e+02
1.477489074380117927e+03
2.452823176374340335e+02
4.407381423842256822e+02
2.692722594219631560e+01
4.672510034968834702e+02
3.752195887019399834e+01
7.796468702695913635e+03
6.382364089282193618e+02
4.988613529015896830e+01
1.797490292526769053e+03
2.381069107349186709e+02
2.847545268528660500e+01
2.316248079334653767e+02
3.235730716224212529e+02
8.715000000398533302e+03
6.119667807623700639e+01
6.283818271928313152e+03
2.454727589512687700e+03
2.744695174786815642e+03
3.162196227063516744e+03
4.901692638513214661e+03
2.040629612535606611e+03
3.044769862868496375e+02
1.179376319867734856e+04
1.623027570028803893e+03
2.905451057944974764e+03
2.300480503103862304e+02
2.100543843569592354e+03
6.030882908131665317e+03
4.269904560166432930e+03
8.390839731797386776e+03
4.544598249264600781e+03
4.879083120629748919e+03
2.561298477249805273e+03
7.740154670222039385e+03
6.668864497955730258e+03
6.621000000981196536e+03
3.110000000508336598e+03
2.133749628757439950e+03
9.091859423156049161e+03
3.341894031494765386e+03
2.117000000130484750e+03
1.294000000036756137e+04
1.174100000063027801e+04
5.471053822800980015e+03
2.163369253050467705e+03
2.466767327494554138e+03
2.990953105528987635e+03
5.066316817015504057e+03
4.459876625128425076e+03
3.077531513606418685e+03
6.120000000959303179e+03
3.510446021461515102e+03
4.527023096301317310e+03
4.362373211601355251e+03
1.202600000098315650e+04
3.018382222487714444e+02
4.408846041394695931e+03
3.661711846913798581e+03
7.338159816650663743e+03
3.196629468616346912e+03
4.597357347467517741e+01
1.481574134640419970e+03
2.957446241462900616e+03
3.147225735898382482e+03
1.372075116897708085e+03
4.060801698159669741e+03
1.072690089280020584e+04
4.142055784718739233e+03
2.083991626500677739e+03
2.280647610765131958e+03
3.162423874533178036e+02
1.881622609584756219e+03
5.244762211873770866e+03
3.657388573793737407e+01
2.174609942109958354e+02
2.769733062598533593e+02
1.094435822359999690e+02
8.647324164387961787e+01
2.821961581224260271e+02
7.923563038827836635e+02
4.994752806964976912e+02
1.351697230588547995e+02
7.841867354045506318e+02
9.703057641779508913e+01
3.701846363083644178e+02
4.376761674003390112e+02
2.405580486007338834e+02
1.257312332418566257e+03
3.097245306938808653e+02
1.212529525682336725e+03
6.908080997284538398e+02
1.984322928356612010e+02
3.746172563430893092e+02
2.240965724502817466e+03
1.740028352081047387e+03
8.747611543824108367e+02
5.231928876295920645e+02
8.277132221322369787e+02
1.347420883472143487e+03
6.609346944202333134e+02
8.763090249056114089e+02
1.287253811450705143e+03
4.963085167853806183e+02
6.492706923297997719e+02
8.272171972122350780e+02
1.687755880493208451e+02
6.006721903190483545e+02
7.955999936565577855e+02
2.116748240960394867e+02
1.111739895000079514e+03
7.681045819273583675e+02
2.788796720634949793e+02
2.175212751692386973e+03
6.479413639410382757e+02
2.464212477749697882e+03
6.685907750186350995e+02
2.302916519649436395e+03
1.773906012147149340e+03
1.210025321592186856e+03
1.142885906102321542e+03
2.172505648718508382e+03
4.189809446947379911e+03
2.510616176677556268e+02
3.525458891583966192e+02
2.899559254134020989e+02
7.087178266569076186e+02
4.960695915225840054e+02
4.682738366099350742e+02
9.176259344208771154e+02
7.979054019101591848e+02
5.704434643214041898e+03
7.902758481722456054e+03
1.208421327713852406e+04
1.552145673266916492e+04
2.874972393708191248e+03
4.440134424222846974e+03
3.401971366628022679e+03
8.861897349518147166e+03
4.378359759822705200e+03
3.535696882384409491e+03
3.090640878028861152e+03
3.936379943806100528e+03
6.903868742746813041e+03
1.276748355703807420e+03
1.022644384444789284e+04
4.067572612230975665e+03
2.878231668432114475e+03
5.961095318570370182e+03
3.458763968893023957e+03
2.357145872893049273e+03
1.509646221719229743e+03
2.880406901829828712e+03
1.152156587310149462e+03
3.027748827016698669e+03
4.106834262760016259e+02
2.215493311085469941e+03
3.997660543480772048e+02
8.271720738213285813e+02
7.505432773472549570e+02
3.167199997758809218e+02
8.204558043168680115e+02
1.865547016095345327e+02
1.462618086638119621e+02
3.475991904204149137e+02
1.801637578410294793e+02
2.325809682656727944e+02
2.406061840994906049e+02
2.439911705051407012e+02
5.265731281198939087e+02
1.184264470042258154e+03
3.935761805535979647e+02
5.319551231852055935e+02
1.464047419361966433e+02
1.728830339617023583e+03
2.504760417563648502e+02
3.026827518262897456e+02
2.627564744386349389e+02
3.672730240864125903e+02
1.967638681382208006e+02
4.827474542765161232e+02
6.836180472030995361e+02
2.473971854264546266e+02
4.489145705214465352e+02
5.560420054449700729e+02
1.910028962983835754e+03
7.644356318079285302e+02
2.194889355341782391e+02
4.203575423313977240e+02
3.246696902534644096e+02
5.151575909035225322e+02
3.957509041161561981e+03
5.843509428087819515e+02
1.072762051501768383e+03
2.043434046241416979e+02
3.974130916591726645e+02
4.870567997103006519e+02
2.759305649522335898e+03
1.126665795462626193e+03
9.304041518490276985e+02
1.664550074294142235e+02
4.045751512715405624e+02
2.712436906587004614e+03
3.015063011266912781e+03
1.092733098705085013e+03
1.802442051932528557e+03
6.103115355701605722e+02
9.918788387844172121e+02
2.658962562862226946e+02
3.881729254757778449e+02
7.038678929114056473e+02
2.366342457921817186e+03
2.706724673476956923e+03
2.986522340770897017e+02
1.117191448539446355e+03
2.089848292145601931e+02
5.479932555281758368e+02
3.308825215048279347e+02
2.062463964335124274e+03
2.271475032392111189e+03
6.409330039227114639e+02
4.216313116182461727e+02
1.020158582287201739e+03
5.053892157753773517e+02
8.457542063788755513e+02
6.801458228506460273e+02
5.134393194387639596e+02
8.239486419511903250e+02
5.388751075488393099e+02
5.251072714918879001e+02
5.926976144216818057e+02
5.531929513606544333e+02
2.416381112349764862e+03
6.697094175345538360e+02
2.093841858307426719e+03
1.868646744306640244e+02
3.461296031910738407e+02
6.204023782684646449e+02
6.710957193305107467e+02
4.797885917158457687e+02
5.242238101558600647e+02
1.530791703036028650e+02
4.565234592783955350e+02
7.770874605776148201e+02
3.618250946225957705e+02
1.265641804521997642e+02
2.711518385375555908e+02
1.840600253780230844e+02
6.843932433174086327e+02
5.583204760553651340e+02
1.408563575549742950e+02
1.612664787061959260e+02
1.591186826711546871e+02
1.431364073524870548e+02
1.593577954869896587e+02
1.252138687640719326e+02
1.155501087083526528e+02
1.522059613689735897e+02
3.704246896774504307e+02
1.989214512338135421e+02
3.026904578389978155e+02
4.292653632968518878e+02
5.061027676217937454e+01
1.495555124641391842e+02
6.840725134477060010e+01
1.202692736535125135e+02
1.937356371290095751e+02
2.273722675611194290e+02
6.220071881895294297e+01
1.108540660220049432e+02
5.696027552957826146e+01
5.261130212302982301e+01
9.542675535128969955e+01
6.786088682514170500e+01
1.966257078029247793e+02
2.439406852777043611e+01
2.437820749636489950e+02
6.834885504431954928e+01
2.741851455834747640e+02
6.099869602705775407e+01
2.060238832126165107e+03
7.711789915847641907e+01
1.445058408612791254e+02
3.048233725987756770e+02
4.237743186569801424e+01
2.052290872113154364e+03
1.775416515685073477e+02
2.092906896278140266e+03
1.716861817149106628e+03
2.025123317474375654e+03
1.872535661739681927e+03
1.077183665585531998e+02
6.103450316572446610e+01
6.221055869492630563e+01
1.832913635540746554e+03
7.601969267412164299e+02
7.089744821274160813e+02
1.832191807866915724e+03
1.596004929551166640e+02
2.935531782403879788e+02
6.237135142861753820e+02
1.596958523593477821e+03
2.033552985540376994e+03
1.156478557875790102e+03
7.980978271126886057e+02
2.650157086845362642e+02
4.168703319918409989e+02
3.274448541380311894e+01
1.784352811593727665e+03
2.192186087908076843e+03
2.646183310011960543e+02
4.118930255088367431e+01
5.249636437225094596e+02
9.441087855326987892e+02
5.058441842175898273e+01
8.356037065963394639e+01
2.663735389386936347e+01
5.093246860125230313e+01
4.850231003220573456e+01
2.470143879219710072e+02
1.893921749810659207e+02
5.458367865098991700e+01
2.614914388021695686e+02
4.166848001180792949e+01
1.387167377693315302e+02
4.764829290893986524e+01
2.320484473842559225e+02
4.150612124596323582e+01
1.803974190027691691e+02
1.917024122751812456e+02
4.470611361325509847e+01
9.052954468292035017e+03
3.775841691268043178e+03
4.874737072176921174e+03
5.072143508496906179e+03
9.565731599488060965e+03
9.544910997930997837e+03
6.686991179302834098e+03
1.906427830864806765e+03
4.541141739232600230e+03
9.047401801297026395e+03
3.139857494049265824e+03
5.639058365160254652e+03
8.866350275532591922e+02
4.135005324296195795e+03
2.358865066013067462e+03
7.065995504157213873e+03
6.867628254789503444e+03
3.465102704240247931e+03
7.556515606164062774e+03
3.428243070910497863e+03
7.964878114774688811e+02
6.285746364332327403e+02
3.703572359606879445e+02
3.060267216846534097e+02
3.632909393855144913e+02
3.938016132592047143e+02
4.252568999157122562e+03
1.800473020674156714e+03
4.145858530497592938e+02
7.368598164357930500e+02
2.274549378755916678e+03
5.417885521228095058e+02
3.540284750102424596e+02
3.774204893949271309e+02
1.893679598397851578e+03
3.390751905422768004e+02
4.041353739655621666e+02
3.207651077408763172e+02
3.522432168955658653e+02
8.418544765023136733e+02
3.010673860140704505e+02
3.516945582261923846e+02
3.129959527890414392e+02
3.800598758654583094e+02
2.560809652118251165e+02
3.346302112109979134e+02
2.294935226875006720e+03
3.762736620579008786e+02
2.534148816134897061e+03
1.509598108948434174e+03
4.539651414520369144e+03
3.802037559020249091e+02
3.678190691111630599e+02
1.471762364178432563e+03
1.997904144806681188e+03
3.309529183788919795e+02
3.208259100269627311e+02
2.758215671631089094e+02
2.377806282194429741e+02
2.281783923243122558e+02
3.367412965429192013e+02
3.463603409624832921e+02
2.839092708431597885e+02
1.846402504536666356e+03
6.558091451016324527e+02
3.899185343574521539e+03
2.765085625419537337e+03
8.496050635540561871e+02
1.002728138111305611e+03
1.744825207736715356e+03
5.119967922251415075e+03
6.885836286169480900e+02
5.292210454102551921e+03
1.251571360591291523e+03
2.798815072238375592e+02
2.675709080897624062e+03
2.978489560238836930e+03
4.592275935456974594e+02
1.157877301262773699e+03
3.514803770840117636e+02
4.214205958138582901e+03
4.653798738716025696e+02
2.590868316625774241e+03
7.615798692057510380e+02
6.103438465778518776e+02
2.674961162292601330e+03
8.524798930807866100e+02
2.164889635045206433e+03
1.140707210456996108e+04
6.334940839012638207e+02
2.620322509165519023e+03
5.121531334554944806e+03
4.843110123728204144e+02
3.030648711202928780e+02
4.351698781251230912e+02
1.041344643992527608e+03
2.256497539562882594e+03
5.027492614924822760e+02
1.778864434994826752e+03
1.645693279859598078e+03
3.402804133814347551e+02
4.649477304553769841e+02
2.725274529491809517e+03
1.409877076829518501e+03
1.266661259481766422e+02
4.537727563662934358e+02
3.644687660245422194e+02
5.124573928228878685e+02
2.927516411238168530e+02
3.509773784833413970e+02
1.933058379938965459e+02
2.052018298782528802e+02
5.327001031812524161e+02
1.129538520334065765e+02
1.032148889600688335e+03
1.032593938633790003e+03
3.699229822423250766e+02
1.949145209975075659e+02
1.158842807855211845e+02
1.769812990029575985e+02
4.363622890909360876e+02
1.957887675562044024e+03
5.111980745691489574e+02
3.611532100747351251e+03
3.319021435411050902e+02
8.260846389000899137e+01
6.643541881699131579e+01
6.623602710110786518e+01
1.112360057891782617e+03
1.369685339769956499e+03
1.715473611279499892e+03
4.063399462188664529e+03
8.391520359187266877e+03
2.879778916602642312e+03
1.499985832625351634e+02
2.843773431654632986e+03
6.760229560087974278e+03
7.167105823576354169e+02
7.763192001030208758e+02
4.765008675518332893e+03
6.964842511761700734e+03
2.524696718675127158e+03
2.510273552017652037e+02
8.415909905724275575e+01
2.026375765055209968e+03
9.504014775342463395e+01
7.161374769270536490e+03
1.482412737825538215e+03
5.828173555796721530e+02
1.085924849092360319e+03
5.988035556550265710e+02
5.720074848899093922e+03
7.902995073627704414e+01
1.565800721788466262e+03
3.102504691892583196e+03
6.476165395754559540e+03
6.355084379065326630e+02
4.916000000165283382e+03
8.626000000908525180e+03
7.011863202902464764e+03
2.794652986668028007e+03
3.742957521107638286e+02
8.112000000156971510e+03
1.075231323891228612e+03
5.224319853259794399e+03
2.553806516666736286e+02
2.570158383319960649e+03
2.083595326199124884e+03
2.886767386343399266e+02
4.043567958244894953e+02
1.456739307733979842e+02
6.154707357299593014e+02
7.358310584746564018e+02
1.194613830190801309e+03
5.667196202790616866e+01
1.390406240489274126e+02
1.171654655031074071e+03
1.035779894443588347e+02
9.572589877741650071e+02
2.386943582492571636e+02
5.169602213966609270e+02
3.956211867759715801e+02
2.980724247466743577e+02
1.116065742931768455e+03
1.612166373080934818e+03
7.089805476189650335e+02
7.229755028626721014e+02
1.463562601078124089e+03
1.429300793879922139e+03
1.191741347659240773e+03
1.591386455633006562e+03
4.304489315565958805e+02
8.148578012468923362e+02
7.770280405622671651e+02
2.075306369004793396e+03
1.408758500724361738e+03
6.220143764530914723e+02
9.095440823441257407e+02
1.852447054417783647e+02
1.263027677175259100e+02
5.493216174128723651e+03
3.153047478290401159e+03
7.173808689683947705e+03
5.689625836486690787e+03
3.162516982843549613e+03
2.645022805686318861e+03
7.965952165224276541e+03
8.093451314259961691e+03
7.118367339149102918e+03
6.118302836214386843e+03
5.809114539905934180e+03
2.728687749253925631e+03
3.488135242189811834e+03
3.897515982217188139e+03
8.450866995957656400e+03
8.648020566707378748e+03
1.068299766639409245e+04
8.118930704254423290e+03
5.076988963098600834e+03
2.743499011438586876e+03
4.864516157210290658e+03
8.184277266495331560e+02
9.522725515528131837e+02
3.928614770809280117e+02
2.303838652170331898e+02
5.199612610017479710e+02
5.314872749180619849e+02
3.034829116838452592e+02
1.530717878345637018e+03
4.851324128527541006e+02
4.096848721373526701e+02
3.636438337446889477e+02
2.896559104772674118e+02
3.162507213831486865e+02
3.657335280520151173e+02
3.012023551921471608e+03
2.996438691722246858e+03
1.484496097374023748e+03
2.260937549485923682e+03
1.728683932041202297e+03
4.460919461404753292e+02
4.864060834686173962e+02
5.862157592615742487e+02
1.107917520652092662e+03
6.643175323199066042e+02
1.432789535967958955e+03
2.542199381775069469e+03
7.048367882993014746e+02
5.620615687518859431e+02
2.281618183391434741e+03
4.761649606943896060e+02
8.709949715524721796e+02
3.018818854608585411e+02
2.901904458399786222e+02
3.109929600100076641e+02
1.923404708298596688e+03
3.190181322961487922e+02
5.682086564698131497e+02
3.009934299985872599e+02
2.988676198049804498e+02
3.577825676973588429e+02
2.508245321991822436e+02
3.470370799674922750e+02
3.593216926108381699e+02
1.603194190092940289e+03
3.564599979388594875e+02
2.544223959042621175e+02
5.199402482187932719e+02
3.003293846406577359e+02
2.223545191859130910e+02
3.045990723031059133e+02
2.578899911695979768e+02
3.517977054726916322e+02
3.059429744431935205e+02
1.991599850917478761e+03
3.539978974304531221e+02
6.132201625002026049e+02
2.952057606573350199e+02
1.092291333537660648e+03
3.000435871463882904e+02
4.609196555726182964e+02
7.834052959906360911e+02
2.171388634473799812e+03
5.439346237573710141e+02
1.471679864167595952e+03
6.662595191771579266e+02
5.195581801362304759e+02
3.755413775899727966e+02
4.566468608647074916e+02
2.489485838071010221e+03
8.378466026657976045e+02
5.829218388791418874e+02
3.098457049668928107e+02
2.958321841981541525e+02
1.425618910263531006e+03
4.860301156609813233e+02
1.713849452444635972e+03
1.446133315779772147e+03
3.003223301938776331e+02
5.517609252830369542e+02
2.794499155080099627e+03
4.590181428533634289e+02
2.301539917660448737e+03
2.365631773309330299e+02
3.429283505759493664e+02
1.043114730760940802e+03
2.804757673924696064e+03
1.400442478945984703e+03
1.414730745600001910e+03
3.742805736625707027e+02
2.860136657596200394e+02
6.168891012845274417e+02
2.950374818199942411e+02
2.735122780164273308e+02
4.463548869060290372e+02
3.431497499240979323e+02
4.994043087509257361e+02
3.245397759458993505e+02
3.461197342753908401e+02
2.666276119402452309e+02
2.652040480963557343e+02
1.553055199215696575e+03
3.125632946586086405e+02
1.545896162087569508e+02
2.717468914662684938e+02
1.786252241229378797e+02
1.348931541219610892e+02
2.305094616329366772e+02
1.528644595952795839e+02
1.366327855297237761e+02
1.572273369580430256e+02
1.374482725246852397e+03
4.625175310716346075e+02
5.737421755014133851e+02
5.026552638361685581e+02
2.401781420889117271e+02
5.315923042663534943e+02
3.331344557607648653e+02
2.388462647554580087e+02
6.103320871485125281e+02
2.534721674164037495e+02
1.754994690710614407e+02
2.672684544648252540e+02
3.177421994357364383e+02
3.474304199114410494e+02
2.593220772526215114e+02
6.564522674677020859e+02
5.028997686973306145e+02
2.652967036571064909e+03
2.707478787692342053e+02
2.651328319125070720e+02
2.280358973096614932e+02
5.585951475666323631e+02
2.175292089403895943e+02
2.776943048052745553e+02
2.838473855447976462e+02
1.285598607538780982e+02
2.914414684196833605e+02
2.655323574928494850e+02
2.030979192667058157e+02
8.220609251211672017e+02
1.585048046582529082e+02
1.187484422472638954e+02
3.080191331488017568e+02
1.259362771580578624e+02
1.256767693942460085e+02
1.290281661151731498e+02
2.071138095237732557e+02
9.275545474102223409e+01
7.590481475710630832e+01
2.078777692301018192e+02
6.315562422090244610e+01
9.415186335457666189e+01
5.603788738504533740e+01
1.269073920531441502e+02
9.833494135455701723e+01
2.093021675275376836e+01
2.594219170533895635e+02
3.422961533334437689e+01
9.509766088098797354e+01
6.763251386138989574e+01
4.141635204402079040e+01
7.577000129952949692e+01
1.257411999653481871e+02
1.133096510611958649e+02
1.629750306106574726e+03
2.070727377329806586e+03
5.655533714907837748e+02
1.186488041002893112e+02
6.376841836685515830e+01
2.038481857251972315e+03
2.035515992606212194e+03
1.941583823542769593e+01
2.227204794619884524e+03
1.157566538154848388e+02
3.264495630414247103e+02
3.936167349899180294e+02
3.675244827922098239e+02
3.041896040870968250e+02
2.092217717505883684e+03
4.063514626131609930e+03
3.869515739360790576e+03
1.327675698015394801e+03
4.037699809861047925e+03
5.909794233273135433e+03
3.375685874770985265e+03
7.029530675467080073e+03
8.546823520812124116e+03
7.193294459599344009e+03
8.607412601941041430e+03
3.678094601073255490e+03
4.103824759601315236e+03
5.425312452468246192e+03
4.736885670464449504e+03
4.559014636027614870e+03
5.306759005204642563e+03
5.921884274146690586e+03
3.630572840553119477e+03
7.130723951809538448e+03
4.876414532198488814e+03
7.439491082413827598e+02
1.624764957775691073e+03
1.023115632751987846e+03
1.229266459826591245e+03
2.407458791012454640e+03
8.540223769360953838e+02
7.251441102857245369e+02
1.037338085237415271e+03
7.325752650540301829e+02
9.978328879805336555e+02
7.414193735383037165e+02
7.974820869816834374e+02
7.913949141982492392e+02
7.061168907798556802e+02
1.113552287297869725e+03
3.299932666313703749e+02
4.626882252272130245e+02
6.828683233283951495e+02
4.266397982924045209e+02
5.171514897129630981e+02
3.115295771693918709e+02
2.699470547583670736e+02
1.344284661041882600e+03
4.984562839780753052e+01
3.240419336734125295e+02
1.372487881230725009e+02
5.425407061031438616e+02
1.073453011221277848e+03
1.070930575417825594e+03
2.675821653875602806e+02
5.007707372524970992e+02
3.570063008123961481e+02
9.233164969242251630e+01
5.964071470833169286e+01
1.906908329938539055e+03
4.592522371069378551e+02
2.085757550560427660e+02
2.716492043836418020e+02
1.615940622220081195e+02
9.061528905719857221e+02
2.696961167143463740e+02
3.169080183580766175e+02
1.740752180147213721e+02
2.947296269638016497e+02
9.503829009271241830e+02
4.099501498931589936e+02
3.389209628669543690e+02
5.356164532623672585e+02
5.440281641622533471e+02
8.801486409165331679e+02
4.330011698010014243e+02
5.567586019348648279e+02
4.716364962075869698e+03
1.965847021046117106e+03
5.980746069348940637e+02
4.073758114843215026e+03
1.869873820312295436e+02
1.421072221890869685e+02
3.960206831979938329e+02
4.950774698926936708e+02
3.431443969361085351e+02
3.820698414616384753e+02
1.850253218915021307e+03
2.090777221446372778e+02
2.255668640006698240e+02
5.010623781406277999e+01
1.047560253871020137e+02
1.058338784895727258e+02
4.083298679196278158e+02
9.050788134526666795e+01
1.523822181365223969e+03
1.387103674994366145e+02
1.335461122362391052e+03
1.535460961902139161e+03
2.221874806408605309e+03
1.866785292660792265e+03
1.916995193488671930e+03
1.107284584464036470e+03
5.737832467368361904e+02
1.735788383973171221e+03
1.371956788428417724e+02
3.152505856296276761e+03
1.964658727761752516e+03
5.870689711452594111e+02
4.065308105686821136e+02
4.535522845254660638e+02
1.039601631796427455e+03
1.616683821795461995e+02
2.689644159439357054e+02
2.684322255571493088e+02
7.400956038336605616e+02
1.426637708888093130e+03
5.064599010521982905e+02
4.303636293015777596e+02
1.113384347766511155e+03
3.863444117173062864e+02
7.024637895447547180e+02
2.687305118499991295e+03
3.922033798057072545e+03
2.281553059055539165e+02
3.703465733821832941e+02
1.032081391304358476e+03
7.546692142234528546e+02
3.254999829628303814e+03
4.881153911978568658e+02
1.544754923884245045e+03
7.103389416317861560e+02
2.847778066733283595e+03
5.243472691272527300e+02
4.896900153180441748e+02
2.720003747115697479e+02
2.732689897015442853e+02
2.038454595900740287e+02
8.347527886392160212e+01
9.305080361523042143e+01
2.721903684083180224e+02
2.776585097633730470e+02
1.041121199357891101e+02
2.928948607957066770e+02
2.810274671047996549e+02
1.982317926569893132e+02
1.764074755904192102e+02
2.475337222003151055e+03
1.439343445887826363e+02
6.516302873150345931e+01
3.382574854059374729e+02
1.242515310476313743e+02
7.548205050877436406e+01
3.850150635545612943e+01
1.139710013962725128e+02
6.196884126777278823e+01
3.838699003781622565e+01
2.169379643025566509e+02
4.973663122097138256e+01
7.040744531249431759e+01
2.486118813005092321e+01
6.789785058679269980e+01
1.420218406692729616e+02
1.795643132568017108e+01
6.164431695613890838e+01
1.458657526968043214e+02
6.302437420955545377e+01
2.546359480221066747e+02
2.052030386183428163e+03
1.223298135313459625e+02
1.638505427365044625e+03
9.862629270294577566e+01
2.477667526899480492e+02
1.929509436879229725e+03
2.425333081959975061e+02
2.029012031027764806e+03
3.811608060933623676e+01
1.195155859935143070e+02
2.136778331131017694e+03
6.260147712338873589e+02
1.830761681257165208e+02
2.315428821650320515e+03
9.130969768199184955e+01
2.486259111362611236e+02
3.603146948263290028e+02
2.814329097853354824e+02
1.650330121519126806e+03
1.047773326194851506e+03
3.699216794926200009e+02
3.421801672531828444e+02
1.354008560908657728e+03
3.999424992522158959e+02
1.371777716413866074e+03
2.623093080148182707e+03
2.036409445881387910e+03
2.481938470973832693e+02
8.672000302858712075e+02
3.757157790135963182e+02
1.403230175424768504e+03
2.348999721329759723e+03
7.745604336218227672e+02
8.899949414564242716e+02
9.113565207419630951e+02
9.481805257572292476e+02
9.538365243861582030e+02
5.663942725217941188e+03
1.222094923098644904e+04
5.143100250704937025e+03
1.099651273530231992e+04
4.832198815612544422e+03
8.068539960555804100e+03
3.370285396217289872e+03
3.602924785266473918e+03
4.574098187302068254e+03
3.940955864737646607e+03
7.010937666848109984e+03
2.602333197868007574e+03
8.072652418915343333e+03
3.791790130676411081e+03
8.916652820338875244e+03
8.111512501555426752e+03
7.840585869178019493e+03
1.191693491069390620e+04
6.334088354873873868e+03
2.143291206839536699e+03
3.703138031845961905e+03
3.233719165926728692e+03
1.975969144003578094e+03
5.194441709909207930e+03
1.759054582408964961e+03
2.365029570560341654e+03
2.064089831762067661e+03
2.799649121607752022e+03
2.561186330791858381e+03
2.295409133543405915e+03
1.425013690568705897e+03
1.601800263926960724e+03
2.351142662269626271e+03
1.664266438247793531e+03
1.640725457329883739e+03
1.598043392249587214e+03
1.656912733793854841e+03
2.212912906324522282e+03
1.646634183052507751e+03
1.514617716752493607e+03
1.416048270303871050e+03
1.642021830970385508e+03
1.411973843545874615e+03
1.260734351865992039e+03
1.630878997525966724e+03
1.249967600381791272e+03
1.358492595681407238e+03
4.691206999198191170e+02
4.059020093411160701e+02
8.045587320207016546e+02
5.844840357563733733e+02
5.200696762342656712e+02
3.580010399331501389e+02
3.823888130457182228e+02
4.136111040881154395e+02
3.631646443142369662e+02
5.107858332678585498e+02
8.540269299767240909e+02
2.092859342361607560e+02
2.938062086769571692e+02
1.906844783850569627e+02
2.645890364379674793e+02
1.907996899719466626e+02
4.699961260344354059e+02
3.083045899602109898e+02
1.479740077834536862e+02
1.357589918098011026e+02
3.318529192907287779e+02
1.826593872546697810e+02
1.726922749860128079e+03
3.549838340095672606e+02
1.330909587886734755e+02
2.220253905345784062e+02
1.198351433071621841e+02
1.821463378704193019e+02
2.530352802591463330e+02
2.534022543968536354e+02
1.466285721625881138e+02
2.460284497780272090e+02
1.874228110759763979e+02
6.773341749396894329e+02
4.635374991262293065e+02
8.726865806140731365e+02
5.790268029095749398e+02
2.445501445334562504e+03
4.343453171991238833e+02
7.177731556051953703e+02
6.367759007200544374e+02
1.046853512371656052e+03
3.465361276656014411e+02
2.973457376793660842e+03
3.113224441352481335e+03
2.601477377676918877e+03
2.143790087049710849e+02
4.802466082673223582e+02
5.841827485615154956e+02
5.280176018046470745e+03
4.058584031244962489e+02
1.218782667895350414e+03
6.783665705616217565e+02
1.655972204251903804e+03
9.951214010129741609e+02
5.528261759040796051e+02
5.208450660055966637e+02
5.749278093269573446e+02
1.138597930853813523e+03
2.756650882491683205e+03
5.703629117236781667e+02
8.220388249615306222e+02
6.486306759032688660e+02
6.734538587071763232e+02
5.660999493567444460e+02
8.097623574987718484e+02
2.843250251195197507e+02
1.683187098045482344e+02
1.373434407702193084e+03
8.229675712284464453e+02
1.683037072990180150e+02
2.353503919942626226e+02
2.859924804277767976e+02
1.343514163089319311e+02
3.627125696387428206e+02
1.777004160421740551e+02
1.652434109042758337e+02
1.599097499126500850e+02
1.255208894466053380e+02
1.495536437513745227e+02
1.438326285064211447e+02
1.336480231702041010e+03
2.001258598753319404e+02
1.742049821524575236e+03
1.235506014423745711e+02
1.506720736987935879e+03
1.877548046122802532e+02
1.661455317013657123e+02
1.313120532796719431e+02
1.154167159925653323e+03
5.446701846091955304e+02
1.930452101794201099e+03
3.103824379790912644e+02
1.948884598100469532e+02
8.664095076758979985e+02
4.142050486510083260e+02
9.739396930738734000e+02
6.159281719207057222e+02
3.181179955444893039e+02
1.669729883390062355e+02
2.163150735285671999e+03
3.689542005147346799e+02
8.775461403975836561e+01
7.372030898303651725e+01
3.679218056007962190e+01
5.614442576342707980e+02
3.421009015648171953e+03
2.263802921271152627e+03
6.118866617781763125e+03
2.786371165937217143e+01
8.666779992488258131e+02
2.106982601783432074e+03
3.457406886179403045e+03
4.160070297192201906e+03
1.089377572774862074e+03
2.256406899549427010e+02
3.674926549106585583e+01
3.105717929259960215e+02
2.567011316059159526e+03
2.944650547317891096e+02
2.167067466582762790e+03
8.359211769553658087e+02
4.406538536969721918e+02
5.418344534478366768e+03
9.410269602670679490e+01
5.552527923974282942e+01
6.549953994645821922e+02
1.202733796994353497e+03
2.105538980696514500e+03
3.340842600214667073e+03
2.089869398652726886e+03
2.360512326536279488e+02
1.493280728604491514e+03
2.756530376538828932e+03
3.725746383838524707e+03
3.466381992171465299e+03
4.664696400181782110e+01
2.045261945322740303e+03
2.006159659184287875e+03
1.251827313143526084e+02
2.459878612072199303e+03
2.316085385360749115e+03
2.006478719941197824e+03
5.894966601547715982e+03
5.360677058924832750e+01
3.203246138219863042e+03
9.498481858022415736e+02
4.075631707694270517e+03
2.613984700638410231e+03
2.169508220239102684e+03
1.063451996339550988e+03
1.177222449522886620e+02
4.957151737921909671e+02
3.913584687943155132e+03
7.757907031081545028e+03
1.771311530036765362e+03
6.983537367221581007e+03
5.602717167653321667e+03
7.395591325013084315e+03
4.278830634252063646e+03
1.519183009593945462e+04
2.543368877589781277e+03
3.986217813940673750e+03
6.260380732864351558e+03
6.438881568396655894e+03
3.002148052376997839e+03
4.328500686533478074e+03
8.315175302650943195e+03
2.515410196290987187e+03
1.097551569997884326e+04
3.402977873545203693e+03
5.462935393499962629e+03
2.317000000933409865e+03
1.373356699207117117e+03
1.615215065804546157e+03
1.886532303649092000e+03
1.329235484882222181e+03
2.507793810153422328e+03
1.191217530191568358e+03
2.041047549701822390e+03
1.451293783774269514e+03
5.652036465447503133e+02
6.207963224198284706e+02
1.268920158762632354e+03
4.848841976396132623e+02
1.249523440008571470e+03
3.485198811333369804e+02
6.956620596570193129e+02
4.896965637830400055e+02
2.434303199554708954e+03
6.941738717375912984e+02
4.008374115516050438e+02
7.773560470076218962e+02
3.508430787013095937e+02
4.753822841114504172e+02
4.162248714396620812e+02
6.470752779144252145e+02
7.675933765670936282e+02
8.839344360290170926e+02
1.106186486692894732e+03
4.716235116068271509e+02
5.537769834805128539e+02
4.710914497227958577e+02
3.715513630901858733e+02
3.788496942382347470e+02
2.073306776676968639e+03
4.673807339822666336e+02
4.113260986354088686e+02
3.102898897682509300e+02
3.177089264626225713e+02
3.907202383101761711e+02
2.911671549529451113e+02
4.377804260042233864e+02
2.695900541912187691e+02
4.788776288223205029e+02
4.289174275925665256e+02
3.125533268301371095e+02
1.568208478514645776e+03
3.124367770137711773e+02
3.150832649090101540e+02
2.973076669926184650e+02
4.256982654751627706e+02
4.597103531734476860e+02
1.558918302850979671e+02
2.508311253637842526e+02
1.854474095469525707e+02
4.799415971297815418e+02
2.436010489623287754e+02
1.369965541829861877e+02
8.710429028312299238e+01
8.494214885549526173e+01
2.604578005815262145e+02
9.763160334873063562e+01
1.134178072898976382e+02
6.671517118357525078e+01
9.721470513994167106e+01
7.363800350293105623e+01
6.311675277250478189e+01
1.025150187407496389e+02
1.148224066137867680e+02
1.821038604524956668e+02
8.867716875281813316e+01
1.441664298690597832e+02
3.128834619812349047e+03
7.298908664540718974e+02
1.838390604830507300e+03
6.152875054848724176e+03
9.526910545411528801e+03
2.580483721208101429e+02
2.111954024456894672e+02
1.448929992140226204e+03
6.253078139548661056e+02
4.375028256551726372e+03
2.541414420512550976e+02
7.758994869343869141e+02
3.067082793884099829e+03
1.102112662663080528e+03
2.287822917290955502e+03
2.020316559609356773e+03
2.431526865674119108e+03
6.110848981826208728e+03
2.455344803071472199e+02
1.744890787671176042e+02
1.576914068937060165e+03
2.158567993561408684e+02
1.438871036750875192e+03
8.343448528980839001e+02
2.278863766722800392e+03
2.215609773871425205e+03
1.219101079050134558e+03
4.484017917261945172e+02
9.882067916053408680e+02
6.996114913740503880e+02
5.931185443325875895e+03
1.913478316017374254e+02
2.090301390095936540e+02
2.037374804209361855e+03
4.102371390420432249e+02
1.992953597616043226e+03
2.461415608176853880e+02
2.218217736413665477e+02
2.619629714819737728e+03
1.385600127664628758e+02
1.671782359131580279e+03
1.578148965556479482e+02
1.934049260997214787e+03
1.606177982172676366e+03
5.814490800775625985e+02
2.138481186412418822e+02
2.880115300457124249e+03
1.821300891309008421e+03
1.055418212990136908e+03
1.225196986052325656e+03
1.520426188660030675e+03
1.064200610474183804e+03
8.052454345583659006e+02
5.620337706524320538e+02
3.678245901091503583e+03
8.332814687311829402e+03
2.204103908073641378e+03
4.911814748860570603e+02
2.439277663912238495e+03
1.110949139016990785e+03
4.497432350203748683e+02
1.309111604314075066e+03
3.222899560806995964e+02
4.045162694838913467e+03
2.162775707278799018e+03
7.383492034377312621e+02
4.130885231682297558e+02
6.445165398610763077e+03
2.076647841420428449e+03
5.067710597194212028e+02
6.673325931311900376e+02
1.928602184207271875e+03
2.607954333669671087e+03
4.328180529720768277e+02
5.167315140933882276e+02
2.555050170680414396e+02
8.661733297540100693e+02
5.825510127204602213e+02
1.328396804244417808e+02
4.972602872424603220e+02
2.083365566205869527e+03
4.274066610581965620e+02
3.271005738420858506e+02
1.770097282654845685e+03
3.362048028685451300e+02
8.845719179413295024e+02
2.152679559480824082e+03
1.149281144318209300e+02
1.406944511883681059e+02
8.116203897237128331e+02
7.338350197662734899e+02
4.390863785884999970e+02
3.784927540638456094e+02
8.936435997569063829e+02
1.736682101393550283e+03
9.872909733442181732e+02
1.777602003287877551e+03
3.335717501832740481e+02
2.516492186284500804e+03
3.174441344834657457e+02
5.270079623951781969e+02
1.600331126931105700e+03
7.046520040281013735e+02
4.515360619637032187e+02
2.061010194063627750e+03
1.387918787106970285e+03
8.376036613684279928e+02
3.044632426992681644e+02
1.113283545042052538e+03
4.283048003512514157e+01
4.588442705462287449e+03
8.434877534428429499e+03
4.744186010384816655e+03
5.553435833150714643e+03
1.109447203696320867e+04
4.634827210191057929e+03
3.392077811760298573e+03
5.908925458310851354e+03
6.245368248104572558e+03
4.694525674502161564e+03
7.364085622060429159e+03
1.062724517524861767e+04
1.442022325068307327e+04
6.119361693199849469e+03
5.240642195905535118e+03
7.217551618685992253e+03
3.088904662715847735e+03
2.848299035567253668e+03
7.960127566624893007e+03
3.774917657490311740e+03
4.305489719073560991e+03
3.432889302968960237e+03
8.364087328183393765e+03
3.116652100689007511e+03
4.546781455386549169e+03
2.790405796131179159e+03
2.357810470515310044e+03
2.302371948176402839e+03
2.491480828509222647e+03
4.912484424736644542e+02
2.950632829845201286e+03
5.057235153277798076e+02
4.484306866565405585e+02
4.730652965903749418e+02
5.666658610406062735e+02
2.550504745386895706e+02
4.705261280896512517e+02
5.318134148548874691e+02
4.844249311737289077e+02
2.360159705297319590e+02
3.265045962602828240e+02
2.539498145281399104e+02
4.113502965339382058e+02
3.479790180858198028e+02
5.985315389084706794e+02
1.426993425949620814e+03
6.932898381940492527e+02
5.214008014158024707e+03
2.397993758931101240e+02
1.159687779602629917e+03
1.724647182401603914e+03
2.406385904757513856e+02
4.013554552149886945e+02
5.175575552468917522e+02
8.176418065809295513e+03
3.952102038147569147e+03
1.099016414849923819e+02
2.747173087987661120e+02
5.640426824057438182e+01
7.348253836099897285e+01
4.178485497366600612e+02
4.929636510232096953e+03
2.106439922287596801e+03
9.269140559901942424e+02
1.671808221765208771e+02
1.163300000041417115e+04
3.083950453318803966e+02
3.251691444638066514e+03
1.718831495277742931e+02
5.306534626763858796e+03
6.085459938176761170e+03
4.976420710389458691e+03
3.584319478926919601e+03
2.078020383209539432e+03
2.048664060744142262e+03
1.599143558723813499e+02
9.250824754857750349e+02
6.393734128881516881e+03
1.635537977917317221e+03
3.551665766106601041e+03
1.448605728186968463e+03
4.835130031523017351e+03
1.401123103314256753e+02
3.086058245064526773e+02
9.247329425301591073e+02
8.790672583135014065e+03
3.251715732523136012e+03
5.807992503576695526e+03
4.218044443228628211e+02
3.638190095057929739e+03
8.591340359055790032e+03
6.999911830706020055e+02
1.253300000089896639e+04
1.334870462075458590e+03
1.990272967951229930e+02
2.054422900374214350e+03
2.407235287672411232e+03
9.756996771917843034e+02
9.954935809427706772e+02
1.233336127834837043e+03
1.811903512882196310e+03
7.086035365109846680e+02
1.971615925861848382e+02
3.431476180568453174e+02
2.547390934761359347e+02
2.334317027792092631e+03
7.594445994164300373e+02
5.671520984536721244e+02
1.776776384368007200e+02
1.613649815731766694e+03
4.794312533275844430e+02
1.326723991481264306e+02
1.346208301002393227e+03
2.031399130107498877e+03
1.531905599924407397e+02
1.091245749294235566e+03
1.602013448642039975e+03
3.975783398575009073e+02
3.496031385515552188e+02
8.881572618968523329e+02
1.943937782063884015e+03
3.257736982388071851e+02
5.844478140428268489e+02
1.322984841567907210e+02
5.482531736448827360e+02
5.326607703436467318e+02
2.810713284940222820e+02
1.131236762077112871e+03
4.023969577587007734e+03
6.129497911459270654e+02
8.351413632141381527e+01
7.259514936893459662e+02
1.237542994784308576e+03
2.801309631697823534e+03
5.752473397135529922e+03
3.505307348216545051e+03
3.358282228800513167e+03
1.765177017032944377e+03
1.137199325134819503e+02
1.124848853834606075e+02
2.868592193508487185e+02
4.674890225534537080e+02
7.586073138119404291e+01
3.057218587702859622e+02
2.942356244206407041e+02
4.510681021265087907e+02
2.806322891625657689e+02
1.355128148064966354e+02
1.290788581907030448e+02
3.574984881302361828e+02
2.051605136211143190e+02
1.230282987304735570e+03
1.323347674134618330e+02
2.724919759936016703e+02
1.666349350172887966e+02
1.034462924593276369e+02
1.650181764110902805e+02
2.556482716482197759e+02
1.580803505184143773e+02
9.453515177637635247e+01
2.151545193901089590e+02
1.073505754347440018e+02
1.185013605335321699e+03
4.900397260943050242e+02
7.124187120583260366e+02
1.402406862913258578e+02
1.574971321852132860e+03
4.615031918789951533e+02
1.564234597883508116e+02
1.950111128664940168e+02
3.215080302191050237e+02
5.921506786381771690e+02
2.953682964288546486e+02
3.619837402197910023e+02
9.765041640035930186e+02
1.110558217255110094e+03
1.350178980044121090e+03
3.698792118933321262e+02
1.618576550525185439e+03
7.399393905809498051e+01
7.981411388507019922e+01
1.256027773242898604e+02
2.879310398672479323e+02
2.116965559130835004e+02
2.414412354563767451e+02
1.259850847838829111e+02
1.154031387225712479e+03
2.698919279970766638e+02
6.070132745630051829e+01
9.443805054062364661e+02
8.669402474517939083e+01
2.111123013792778238e+03
2.107618775096078707e+02
4.225164427416034130e+01
9.796522746893505484e+01
1.520320783121512420e+02
1.119691556774621830e+02
1.948173840563115107e+02
1.005797793632919905e+02
1.218155920289863730e+02
7.640119002605554670e+03
4.506814284444589248e+03
5.795861330597047527e+03
6.594876247512600457e+03
5.847423633127966241e+03
8.366138735021408138e+03
9.018828263545919981e+03
8.218970067033340456e+03
3.702129127435151986e+03
6.420678887627180302e+03
5.785255658230335939e+03
8.415384959359094864e+03
3.612679308568550823e+03
5.037771592077482637e+03
3.299332285090805726e+03
5.105602778134290020e+03
5.259474036881239044e+03
9.295823597613214588e+03
7.244758558553196963e+03
2.185074061160118163e+03
4.251026974474017152e+03
3.817553696549019151e+03
3.577274621376207051e+03
6.346486435071656160e+03
5.119718605166140151e+03
6.008666543467312522e+02
1.281806079056475937e+03
2.198595290134903280e+03
1.153507900870872390e+03
7.135036458780033399e+02
1.193471413509526656e+03
8.287451472355206761e+02
1.272303355364443405e+03
4.988304460497827222e+02
2.342279467256271346e+03
8.951127948654051352e+02
9.568526993555364015e+02
8.383178458650203311e+02
8.957068011914420822e+02
4.068285249558944088e+02
4.068852187221854138e+02
4.804272095332260051e+02
6.324355858234696370e+02
8.583033360701349466e+02
3.523321929778957724e+02
4.959953982386448388e+02
5.786425955988934220e+02
1.648995172854613656e+03
6.338826850514992657e+02
1.040518442262151211e+03
3.773409709042930444e+02
4.278892614651048802e+02
3.635437282554236162e+02
2.266793011959237447e+03
4.763618231392198368e+02
3.048354966116152355e+03
1.569881122307311045e+02
2.147321139018464748e+02
9.475806227479405379e+02
1.712389080730668525e+02
2.811124592229305676e+02
2.360281243393721979e+02
3.106793414220200020e+02
1.431631677681778854e+02
2.091080768062327024e+02
1.411929693464627235e+03
3.011542475200479885e+02
3.831552190985326547e+02
3.503362118706731962e+03
4.690420727479587185e+03
2.190618593576800322e+03
6.080838276491626857e+02
1.527799129352721593e+03
6.046685300547926545e+02
4.737185142027325355e+02
2.145505097340911107e+03
1.367573151510871412e+03
3.150163769131515437e+03
1.727048475016431723e+02
1.333722499917077187e+02
2.007350843410837626e+02
2.813362439195676075e+02
1.076707983086280365e+03
1.770195118048826089e+03
1.293195322613446251e+03
8.151750972000410229e+02
1.120558199941056273e+03
9.302889117747511136e+02
4.271280896531895451e+03
3.062810374995313396e+03
2.163801890946080675e+03
5.000936465469739574e+02
2.351081809169206736e+02
4.153766424199100129e+02
6.911755604078026636e+02
1.976399345989898961e+02
4.265339460117905901e+02
5.083705521538967673e+02
2.027678700209957924e+03
2.562884956122588278e+02
9.533545743106246846e+02
1.380278419050389857e+03
2.075732123268741134e+02
5.238159680898969555e+02
2.949458374314125990e+02
9.989663552046290533e+02
1.737956224075219779e+03
1.671468309129754459e+02
2.585270888362721848e+02
3.259668331727253303e+02
8.790679718669955491e+02
5.507403981884256154e+02
1.684967478099053722e+02
1.943340231986834965e+02
3.840603232782094096e+02
4.825502368776371441e+03
6.235994555209204009e+02
3.268709985103014333e+02
2.481035008151136481e+02
3.775473783585534875e+03
6.081121177984038013e+02
3.550467826916754461e+02
1.220638507364986651e+02
1.323368392258214499e+02
2.557739394338140642e+02
1.530859889881353695e+02
1.509792502664913059e+02
1.598484215331448866e+02
2.324024830795476078e+02
1.443890867331842287e+02
2.541775620378573876e+03
5.491671535332273635e+01
3.239253864507600724e+02
8.013977961438413899e+01
2.081417044802969087e+02
1.807371080342207108e+02
2.168631728212717746e+02
3.377193559844051407e+01
3.892655676997354419e+01
2.372156840231268404e+02
1.232897880439320716e+03
1.537817707058650512e+03
3.724271145702358865e+01
2.033413637335492922e+03
2.391347951487304044e+02
3.367313330495193213e+01
1.314034673359127510e+03
1.798019747688690131e+03
2.614974726232517696e+03
1.862396592170184476e+03
1.948061529108209470e+03
1.637412946045954641e+03
2.090738511558485243e+03
8.794561729901386116e+02
2.989783836869825336e+03
3.981653852718363851e+02
3.686080648927145944e+02
1.417443519047209293e+02
2.752899805567950807e+03
1.146305981552784715e+03
1.254032802546365701e+03
2.104992896344685050e+03
9.937475614498356435e+02
7.491512577218759361e+02
2.846437854986680236e+02
2.407222164980340722e+02
1.982317644320327759e+02
1.025584964791951734e+03
2.700279124552934718e+03
1.087992896579844910e+03
1.575523059563773586e+03
1.009875161196051295e+03
4.734328073336292277e+02
5.980971106696410970e+02
1.203461022749400399e+03
2.720120495803165795e+03
5.477785328427331706e+02
1.904052039844513502e+03
1.105142670411294603e+03
5.343132555649773394e+02
1.929081788397031914e+03
1.229632428827718741e+03
7.587159204382412554e+02
1.389763126110805842e+03
6.467880668593445534e+02
1.290824127142558154e+03
2.674893253746786286e+02
2.980078802726842468e+02
3.144268927320424467e+01
1.100442785069309792e+02
4.006869778502807549e+02
1.244144020094159487e+03
5.861261535673962442e+01
2.305765753452176909e+02
1.645719723264753611e+02
2.136267344213774493e+02
3.081419226763398456e+02
2.167750967572333707e+02
1.079665680240289475e+03
1.052311563361265144e+03
9.193961966311440847e+03
3.779617737909054085e+03
7.169323666056441652e+03
5.809947282528989490e+03
3.576391322680089161e+03
7.137369800456377561e+03
5.861994897774876335e+03
1.934486941759649199e+04
1.204368821610849409e+04
3.613884194396912790e+03
8.028898318508488046e+03
6.216971536659129015e+03
5.009308744665388986e+03
4.243665896836294451e+03
2.194965908718676474e+03
5.380803074259226378e+03
7.556712967735438724e+03
5.602146865273360163e+03
6.019878832295348730e+03
3.443550089698880129e+03
3.703544319761557290e+03
2.244767626384136747e+03
1.829058144227147068e+03
2.552074947245790554e+03
1.690547068797809970e+03
1.342477837766066386e+03
4.026273244834251273e+02
3.812240838864082093e+02
1.964851069550300906e+02
3.169760154221152106e+02
2.047404197293242873e+02
3.535231625231641033e+02
3.858531652521043611e+02
3.653734872747342592e+02
1.450489525600031868e+02
1.500657517686015865e+02
1.402026301776641617e+02
5.937773060044779641e+02
1.556691862908912753e+02
1.432123211934807046e+02
4.586643634244796885e+03
2.909077910103784461e+02
3.491717225099468124e+03
1.211441910744777033e+03
1.070307981599324421e+03
2.693325782765720078e+02
1.073935389767744027e+03
2.746966398159161713e+02
1.002865582469359651e+04
3.659965085521579908e+02
4.670214045507401011e+02
9.002834915800045223e+01
8.017737616048685823e+01
5.443809548403888243e+01
4.600060834982778601e+02
6.976225616543836168e+02
6.774516978516253403e+02
8.978222413626153866e+02
6.542189467070136288e+01
4.460091317147659993e+02
2.475245451210605552e+02
2.542885710948636643e+03
6.159761856552579957e+03
7.697741581652370542e+02
1.229664467781989970e+03
1.740695159800758120e+03
3.525058231667814653e+03
1.719358545767485566e+03
2.954945753604021775e+03
8.120000000818039553e+03
3.508984618925544964e+03
3.063505091341428397e+03
5.720000000989333785e+03
1.011921741025475239e+04
1.355472217893168363e+03
3.758363362685133779e+02
8.120000000298114173e+03
2.855852554027889255e+03
3.337978398444840423e+03
2.976602272968356829e+03
2.763569658534014252e+03
3.630244673292205334e+03
1.158422576214453102e+03
4.038691394686885815e+03
1.298670882271393339e+03
9.910031200441505916e+02
2.987839638175734308e+03
6.161633459990244774e+03
1.199572716995734027e+03
2.657694066860630755e+03
3.084846476326923948e+03
1.846739460556911808e+03
7.124891125473877764e+03
7.899868602414384213e+02
3.673484109115994215e+03
1.099731789567691294e+03
1.906989620756296972e+03
7.342658263106703771e+02
4.096032824866031660e+03
7.467665282858105456e+03
2.131869331406988692e+02
5.611497033171514204e+02
8.891099054604718503e+02
1.572908091748407287e+03
4.430804489734536219e+03
3.773740570534031349e+02
8.427078511686755746e+02
5.623690773735630728e+02
2.354394733421879209e+03
1.101109842222902898e+03
8.661370094818134930e+02
3.577132971951563150e+02
2.640833171863520192e+02
1.941394905846027996e+03
4.885520897954667134e+02
3.905115275038551772e+02
6.322365766430730218e+02
9.009977107551418385e+02
7.979606389111750104e+02
2.936209970001816600e+02
2.321786732095663695e+02
3.542070785024853876e+02
8.018700019414993676e+02
4.372509160068341316e+02
8.549829638144316050e+03
2.903743119030905746e+03
3.759768922291015656e+02
2.510444432295905244e+03
2.644781065878764821e+02
3.125424941769016414e+02
3.420748049003007054e+03
7.524152755152330201e+02
2.681341814576600427e+03
3.527072044023721446e+03
4.020480131638587409e+02
5.232849006363845774e+02
4.205292118693494672e+02
5.688909121367662891e+01
2.270908757996959366e+02
1.775178604968517391e+02
2.536151737405318229e+01
2.621635037110505095e+01
4.664862649646883597e+02
4.724833665794398030e+01
7.915049266895612163e+02
1.697478022983767971e+02
2.532267172822868417e+02
2.827541587949688733e+02
6.535376590777159436e+02
5.517732273132555747e+02
1.929643084335474157e+02
8.228030755103167166e+02
3.883634220547238556e+02
2.628787839718454961e+03
2.544768014129585936e+03
7.810601074051540991e+02
6.500632319068562310e+02
1.657610696344033556e+02
2.907453433673101131e+02
7.921719800379949561e+01
1.462502435017437165e+03
1.090609838169624936e+03
1.502225082191192996e+03
2.212000000161512617e+03
6.523438253306143224e+02
9.023080138152785139e+02
3.391977408201617550e+02
2.455972559510002611e+03
2.073768254560465323e+02
1.500637815525063615e+03
3.903807894997123640e+02
2.914113195015477800e+02
2.571203703529648692e+02
2.136659952163790877e+02
2.725914765195800101e+03
7.816321303213636611e+02
3.683642604586291327e+02
1.947021381182383664e+02
1.989705842751517366e+03
5.960518573968701048e+02
5.658985575541764774e+02
1.715913235460740225e+02
5.244246743960261483e+02
6.880136643179780549e+02
2.400672742071535879e+02
9.245264874539634548e+01
3.978111871418423675e+02
2.133343199383410592e+03
2.214889698527671840e+02
2.039310038386620363e+02
2.035168336048856190e+03
4.266340582946099289e+02
1.964821329123391706e+03
1.880113985410490614e+02
1.065616376183582361e+03
1.158114344780157808e+03
5.445773751389328936e+02
9.009157665469509766e+02
2.709898674529708842e+02
1.721602533414031541e+03
