8.765013583335770818e+03
5.881695748365722238e+02
7.222363764474099298e+03
7.794632807116481672e+03
9.633052753108784600e+03
3.827704935105245568e+03
7.995932997991674711e+03
8.534499886104415054e+03
9.059299595856902670e+03
1.128235948670983635e+04
8.103853899050098335e+03
1.295495713073514344e+04
4.239585222304155650e+03
5.546827781086979485e+03
7.226482797358463358e+03
3.468731706538629169e+03
5.679478296732620038e+03
1.654964699905530097e+03
9.653796638801974041e+03
4.283962261243795183e+03
1.225040290514266962e+04
7.047894705417003934e+03
2.320693036235630188e+03
3.157184517196022625e+03
1.827859924639138399e+03
2.457852536702765065e+03
2.238577241371409400e+03
2.669258673192513470e+03
9.973844500828996388e+03
2.430075555945797532e+03
6.969200965641092807e+03
4.991734386411811101e+03
5.068259048073854501e+03
8.355426241570725324e+03
1.620031752694450915e+03
5.820667347364355919e+03
4.752805995960936343e+03
8.718672010632957608e+03
4.642201605322518844e+03
7.113754863837626544e+03
2.657378604175813507e+03
3.563438495784641873e+03
2.107558609739724034e+03
9.640629267823200280e+03
5.068420243563276927e+03
4.509421778635192823e+03
5.489934185310919929e+03
5.894622755964223870e+03
1.974458784526062800e+03
7.120341383738156765e+03
1.133785023584925511e+04
8.337204577254711694e+03
5.934266624166645670e+03
7.632592542762999983e+03
6.203960195327156725e+03
7.109676825365684635e+03
5.908711969450352626e+03
6.809994523766531529e+03
6.898303423469789777e+03
6.426496071428218784e+03
3.150218523990358790e+03
6.677239238507307164e+03
5.057804459471315567e+03
1.149565072159225565e+03
6.437505888325208616e+03
6.396089218679091573e+03
1.028593615639787095e+04
5.507349531865563222e+03
6.231666660156210128e+03
6.777308655615903263e+03
5.271019890635026059e+03
7.655324470304898568e+03
1.460807323108458831e+03
7.859284710275211182e+03
9.475659572690237837e+03
6.794980558038301751e+03
5.287133020346265766e+03
6.368375446932888735e+03
3.089019067698305662e+03
7.589474561569015350e+03
4.658500621125087491e+03
1.486040239219821888e+04
6.136501705168402623e+03
2.000951747150064648e+03
6.389624903082381934e+03
6.246004850180172070e+03
3.286323643276733492e+03
5.764195223219634499e+03
7.929254921985243527e+03
4.655801564762436101e+03
7.057150811144166255e+03
9.687251299654069953e+03
7.991989524611391971e+03
4.700954119426484795e+03
3.684614250614899902e+03
6.871016691049470865e+03
4.726060505733897116e+03
5.219096070721981050e+03
5.504211583182670438e+03
2.245280829731355880e+03
1.424400513492484606e+04
1.920720436531819587e+03
4.337829204015680261e+03
5.713243752522460454e+03
2.700654883906819123e+03
5.916909750688838358e+03
2.130032470125016062e+03
6.141923567517623269e+03
3.276959691534907051e+03
3.239760076894606300e+03
4.315783020433472302e+03
2.849971245344149338e+03
6.415798418654442685e+03
8.673528842465289927e+03
9.950096023446752952e+03
8.313871730689121250e+03
3.345342728587488637e+03
6.927857278305442378e+03
7.379514389513972674e+03
1.405919996859614002e+04
4.377513078810509796e+03
5.702622619443983240e+03
1.272577381420133861e+03
4.802227713287770712e+03
6.109599308103816838e+03
9.809595523108167981e+03
5.653139972589614445e+03
9.866378667154265713e+03
5.297364595114994700e+03
3.882097753885711882e+03
3.508435489697344110e+03
7.498934744919896730e+03
5.824776905663978141e+03
3.654057810883891307e+03
5.525769409457945585e+03
7.167240333468848803e+03
7.667338623705145437e+03
5.923772020454306585e+03
6.481900468604651905e+03
1.131071907063635990e+04
4.624101845235703877e+03
9.360525481131293418e+03
1.139919253517634570e+04
5.808581748584356319e+03
3.786539897615942664e+03
5.606032925214613897e+03
6.508564642218201698e+03
4.039349652966489884e+03
3.192844747619071313e+03
9.671074520398149616e+03
6.124165519763614611e+03
1.938475479894000046e+03
6.219475011849310249e+03
8.188940197134370464e+03
3.825182101614519524e+03
1.182189701191294807e+04
3.814558393405102834e+03
1.186806732448400544e+04
8.329513746696677117e+03
3.327273349829570634e+03
5.428581734998727370e+03
6.006896851704792425e+03
5.749901919924517642e+03
5.948683965592466848e+03
9.117774423312548606e+03
9.585910226759726356e+03
5.958817532334564930e+03
4.361569999608884245e+03
7.734739427597391114e+03
6.875090521253743646e+03
3.480293075255272015e+03
4.925535072589816082e+03
3.618379173764972620e+03
1.089506643005345359e+04
2.514093575062431682e+03
8.119514466955060016e+03
6.369017172743027004e+03
6.479613680175756599e+03
6.008848990895880888e+03
1.506127778145806224e+04
9.891411827359745075e+03
7.044016635049173601e+03
5.586818153815089318e+03
5.497853867043503669e+03
4.010121337493465489e+03
8.763871173969288066e+03
8.773225083262608678e+03
1.268265029366840827e+04
5.404989921290754864e+03
7.274735095293742233e+03
2.184937450779844767e+03
8.929974507663646364e+03
7.747331965794134703e+03
1.106151052081399030e+04
8.043603681676647284e+03
3.015537665952949283e+03
3.036253807571147718e+03
1.440457138114344161e+03
8.400942382077395450e+03
4.060663752791469051e+03
6.739904261312861308e+03
3.012306018466439582e+03
2.272405952050296946e+03
1.091011603345027470e+04
3.233419035485932454e+03
4.966444939788527336e+03
4.076648352995040568e+03
4.070579769489325827e+03
4.674924487313985992e+03
3.242667667194039041e+03
2.242475449877809297e+03
7.659487673864954559e+03
7.775858116882872309e+03
6.833054215305834077e+03
9.579207625343220570e+03
4.074429340071141269e+03
5.068374193945742263e+03
5.793873635850745814e+03
6.770552863240498482e+03
2.474681354382052632e+03
4.352257563166090222e+03
6.666885388354869065e+03
2.859652096574773168e+03
4.851676020391954808e+03
1.074556743854227716e+04
4.709705340272914327e+03
2.131442293843126663e+03
7.851426101312122228e+03
6.991263774641176497e+03
7.881319692272812063e+03
4.840451138303411426e+03
2.952557415815895638e+03
6.896690638747698358e+03
9.515447630899712749e+03
6.856294207365828697e+03
1.185317351770680943e+04
2.046939898203921757e+03
2.333808944152062850e+03
1.143505133431565264e+04
6.630501773992954440e+03
8.555980019401158643e+03
4.036870146001791909e+03
6.006037385061066743e+03
6.632995546059535627e+03
6.326211066708698127e+03
4.258288357576575436e+03
1.094938447342872860e+04
4.349454357040805917e+03
1.379652109393030332e+04
1.048874370084980183e+04
6.160842577999318337e+02
7.778460882545461573e+03
6.875800376472564494e+03
7.037694058952710293e+03
5.266452815087123781e+03
9.932297462960637858e+03
8.338930033307258782e+03
6.496673169030326790e+03
6.834810926321940315e+03
6.161136181377253706e+03
8.153798012386489063e+03
1.161011815832962384e+04
4.452835482994375525e+03
3.242507443775339652e+03
6.200549242585083448e+03
2.139056712565030466e+03
3.086054353663561415e+03
5.454684181697457461e+03
7.528318760501024371e+03
8.726642514539327749e+03
7.748239708819964108e+03
2.737965946481293486e+03
1.366696601245435886e+03
6.584904313967912458e+03
9.235562442550988635e+03
6.314332821714039710e+03
3.550241019689474797e+03
5.761323938336122410e+03
8.163840499771866234e+03
3.692056199280604687e+03
2.370614734901358133e+03
2.521493639141855056e+03
1.241683159070620604e+04
3.894595648736498788e+03
9.525755454896774609e+03
2.586890131864742671e+03
8.267066150016129541e+03
5.272776414267002110e+03
7.685509557351342664e+03
5.477855027817780865e+03
8.696451269169368970e+03
6.935220712136583643e+03
6.867386049963176447e+03
5.815389322271820674e+03
8.855589653931825524e+03
3.471709442151159237e+03
4.855771685128710487e+03
9.252503489673921649e+03
5.733015083646365383e+03
5.269457633713930591e+03
1.577984313709897378e+03
6.328907245774654257e+03
3.683299805579518306e+03
6.732620216385303138e+03
4.092106286868575353e+03
3.679505184218487557e+03
7.520585288722108999e+03
5.835315840883307828e+03
5.990636110567405922e+03
8.151437847133936884e+03
4.104819244190831341e+03
5.228119541866627515e+03
6.613666329038211188e+03
4.070891104716045447e+03
2.462813531553614666e+03
9.748072659849092815e+03
1.041585278378778457e+04
3.896854320703997473e+03
1.450947881381983825e+04
4.658783901740442161e+03
4.863836050102401714e+03
7.671712160579262672e+03
4.955072157629320827e+03
7.414185061911391131e+03
3.152413087737756541e+03
1.192240527038023720e+04
1.878311609525952690e+03
6.337772681973461658e+03
5.601047465863443904e+03
9.490371749683645248e+03
6.575642402831130312e+03
3.223492442349053817e+03
6.925492187288015884e+03
3.044015408077557822e+03
3.499597399020139619e+03
5.360915779995234516e+03
7.858875776039455559e+03
2.135204896270111021e+03
6.233262897467665425e+03
5.508641372672146645e+03
6.241579567846451027e+03
6.650482694643029390e+03
6.280706621027339679e+03
8.251735381402524581e+03
8.998722276147995217e+03
8.067701439975661742e+03
2.813042258443490027e+03
6.901056938908041957e+03
4.642735551348720946e+03
4.865129336937631706e+03
8.429918812750080178e+03
3.119282277067713949e+03
3.328489020818017707e+03
6.293813111257547462e+03
3.652060110201941370e+03
5.349935564413644897e+03
4.630043918365357058e+03
6.362530003542879967e+03
7.775161226264731340e+03
4.000851471660722837e+03
9.173441732633789798e+03
1.115240746126182785e+04
1.028398596127392011e+04
5.333666354712201610e+03
4.041202473522036598e+03
8.112530640983363810e+03
4.718844806889675056e+03
2.709312185701484850e+03
6.526769401783886678e+03
9.417110814761130314e+03
9.924833958097518916e+03
9.076075438080635649e+03
1.078699501106468779e+04
3.418320689902997856e+03
4.956703920771568846e+03
4.339370526804192195e+03
8.012768975694881192e+03
5.400700484630217034e+03
6.591955666727268181e+03
1.071266141259978394e+04
6.548617932827907680e+03
7.416472668720439287e+03
6.413977501630887673e+03
6.191241454181074005e+03
3.906916729400428267e+03
8.442740554012825669e+03
5.935768079053172187e+03
3.364019348079735209e+03
4.482816920147506607e+03
2.851267494207567779e+03
5.104732261319707504e+03
5.723566296363687798e+03
7.768473902565718163e+03
6.689133774299603829e+03
6.098609556431415513e+03
6.740576940667536292e+03
7.922668893062642383e+03
5.174979182148705149e+03
4.920691520208925795e+03
7.360213346149249446e+03
6.047038996960262011e+03
1.013524115803843779e+04
5.695236646736821967e+03
9.180081862490296771e+03
6.538097109631097737e+03
1.287325822581336070e+04
6.987077716411088659e+03
4.572533995461993072e+03
1.203923584297351226e+04
1.121863965414696759e+04
6.064137231218849593e+03
9.601233145291791516e+03
8.415239713519178622e+03
1.463095914551917986e+03
4.346271112043264111e+03
7.871937107804221341e+03
5.627758857966615324e+03
3.200056187365252299e+03
1.314095765240314904e+04
8.378915737463939877e+03
3.398858946290809854e+03
5.487427091395567004e+03
5.144641329337146090e+03
6.701267597979394850e+03
4.965488826990820598e+03
7.743000763023745094e+03
5.060445747193730313e+03
4.316702212872906784e+03
3.128769368121211301e+03
7.473205281050370559e+02
9.465613812145938937e+03
5.481319003875239105e+03
3.725566154940051092e+03
7.185350431408579425e+03
5.067361947043148575e+03
1.048017877588597548e+04
5.305874849284807169e+03
8.708982862953424046e+03
2.104211306318757124e+03
6.507768850161923183e+03
9.068556249380788358e+03
2.088106161101779435e+03
2.870342512741794508e+03
2.331084605590988303e+03
2.390867701920299169e+03
1.234717631696286480e+04
8.688266577939186391e+03
1.731483473084977277e+03
5.891899999611009662e+03
4.482236981182859381e+03
4.138960476138858212e+03
6.154919160901265059e+03
4.966275963498045712e+03
7.683610223989586302e+03
6.764243086617972949e+03
1.217710403443325413e+04
4.180492259556318459e+03
5.423420936704252199e+03
8.616628563571313862e+03
3.233795472922211957e+03
1.035251153108015023e+04
4.151781641201702769e+03
2.050710641696127368e+03
8.844800639357166801e+03
9.000120627695434450e+03
1.528960681062189678e+03
6.398197042531495754e+03
5.973960306880919234e+03
1.874288293184578151e+03
5.221249176943159000e+03
4.758338959577524292e+03
2.088777649000984184e+03
6.944887221897239215e+03
5.078191258841415220e+03
5.725176761633731985e+03
4.326345021843976610e+03
2.126849289685992062e+03
2.482334769417007465e+03
3.514431601549606057e+03
3.311178688327984673e+03
7.604420923317727102e+03
8.703925700575211522e+03
1.040683890752821208e+04
7.757890378492317723e+03
3.387863653826635073e+03
1.071703778499480359e+04
2.837299100330008514e+03
3.939664015470707909e+03
6.553811883142697297e+03
3.639887877743528861e+03
3.319790630802619944e+03
1.165360640034298558e+04
1.809863704334693693e+03
9.652724579468611410e+03
1.056569798150248243e+04
5.752468187582619976e+03
9.231719329849887799e+03
4.102156012761759484e+03
7.899650656043862909e+03
6.613786169121922285e+03
6.835498143226966931e+03
1.116923510741445534e+04
8.978058494041199083e+03
2.782962205367713977e+03
7.774508579185871895e+03
3.155517721019073178e+03
3.618400799608693433e+03
4.019426450121718972e+03
1.059386383069545263e+04
1.612344303863250389e+03
2.684076001986289157e+03
3.859378044128347028e+03
4.772710317484358711e+03
6.475748246213837774e+03
6.876335463115392486e+03
9.153491127978499208e+03
5.345589014807697822e+03
4.904144769860724409e+03
6.851172458507191550e+03
7.387733670777689440e+03
9.243916282696154667e+03
7.709290018672623773e+03
6.303844617881244631e+03
8.205935740905384591e+03
1.090104692081445501e+04
5.433424311732898786e+03
1.068584708523235713e+04
5.635500988945776953e+03
1.043730195645908498e+04
7.618524735352671996e+03
5.473554239082099230e+03
5.974486486218098435e+03
8.350284489086845497e+03
5.778435113279097095e+03
4.057030623895065673e+03
7.377291627028810581e+03
5.496469193069694484e+03
1.149211932672850480e+03
3.733986973672007935e+03
7.494553952907636813e+03
3.920533729315155597e+03
7.494873068376678020e+03
2.919254626874764654e+03
1.104827476039284920e+04
5.850579005905294252e+03
4.118824672901710073e+03
5.631310871955669427e+03
2.885980492320962639e+03
3.614916399465863378e+03
2.261707322903584554e+03
6.724482921592445564e+03
6.246606199368778107e+03
8.923863319288331695e+03
5.413609875963125887e+03
1.335819783398039181e+04
5.163405533326968907e+03
3.882110955938011557e+03
6.512099577252943163e+03
1.360139670411975430e+03
3.550120436183655329e+03
7.111004975845885383e+03
2.938709989313507776e+03
3.724572300047578210e+03
8.588639599660693420e+03
7.126150716688208377e+03
8.375540120675346770e+03
8.361548236122984235e+03
4.990075378398680186e+03
7.400658052378415050e+03
8.367174175942847796e+03
5.047212041406647586e+03
1.272365224489293723e+04
1.873471249885848010e+03
4.092065360014712496e+03
7.423259875629836642e+03
2.729743545286885364e+03
9.650717133476497111e+03
7.653351835061196653e+03
4.923250940741880186e+03
3.008212104509360415e+03
1.129105254803514435e+04
7.326342180808047488e+03
8.188708216105714200e+03
7.610389428087887609e+03
8.590552179450007316e+03
2.479483709396794438e+03
8.694157634600411257e+03
4.421774868367499039e+03
6.447068136422915813e+03
8.825013445973667331e+03
2.917591266120994533e+03
4.765580695310717601e+03
1.117319951207700979e+04
8.613261042474801798e+03
7.633758163205890014e+03
3.748868917300877001e+03
4.857798160059636757e+03
4.541169704643859404e+03
7.311401884961897849e+03
4.334594572880574560e+03
4.764226270786329223e+03
6.512484213874957277e+03
3.962940821399212382e+03
8.611539978022176001e+03
3.845136009718683454e+03
1.148458362713695351e+04
7.221008978253730675e+03
3.148045304230542570e+03
2.784126089413527552e+03
4.192412711602396485e+03
3.878676297481784331e+03
5.635010183824947489e+03
6.587187995345578202e+03
8.691036442878867092e+03
7.312275316353220660e+03
6.658072176411713372e+03
3.667909986531979484e+03
1.151530219311989822e+04
1.456679791771216696e+04
5.224381874464306748e+03
5.407470712846608876e+03
9.989654666083319171e+03
5.885829231220442125e+03
6.698059460221777044e+03
7.423369814711776598e+03
3.073714709493237933e+03
7.287567260390228512e+03
1.392653577906613236e+03
5.051875758747594773e+03
1.131943943199085334e+04
6.431393767592822769e+03
5.683955548544828162e+03
4.444568275694201475e+03
6.724777991879249385e+03
1.077333742557922233e+04
9.601168109350523082e+03
5.307180086647238568e+03
1.112451193699158102e+04
9.959489095203294710e+03
3.829156217183191075e+03
6.900368737663626234e+03
4.798955057290980335e+02
7.765382785544702529e+03
8.038575066975870868e+03
7.819196172639726683e+03
8.107064354490596997e+03
6.123915040376167781e+03
2.156202695749768282e+03
5.941400594272639864e+03
4.993457552509144080e+03
4.172286581901988939e+03
4.421964789232248222e+03
7.299400010838845446e+03
5.439328826536563611e+03
6.282014340040356728e+03
5.847933536908889437e+03
3.374653860190774139e+03
6.228663168589650923e+03
8.284562026058507399e+03
7.511229906511106492e+03
2.888641200080261115e+03
1.047553998113452690e+04
4.777430824586945164e+03
6.124112027012876752e+03
1.065355882186523377e+04
1.492899588142324092e+03
5.545850224462864389e+03
6.108789264977069251e+03
8.855874751100289359e+03
2.596296642440729102e+03
3.500506174809269851e+03
2.532569724064645470e+03
6.844048740212784651e+03
5.611131435346925173e+03
9.759307980115296232e+03
5.482739154771735230e+03
8.854384647363343902e+03
5.328607988942204429e+03
3.708913314826429541e+03
6.627157148330997188e+03
8.999016934103006861e+03
6.085918453822690935e+03
2.278273353361088539e+03
6.363705886523255685e+03
9.359403195522814713e+03
5.635789500864450019e+03
4.108259651105690864e+03
3.470627066051848033e+03
9.304593783079493733e+03
6.686758393135042752e+03
8.906731633288009107e+03
8.918587619940441073e+03
6.214942294438516001e+03
5.050942658330713130e+03
3.295433457822779928e+03
3.454690230191650699e+03
2.852037363512002685e+03
2.728798129991104361e+03
4.495283946068456316e+03
6.070735473783895031e+03
3.011563828194910002e+03
4.996720283649540761e+03
9.454497474993395372e+03
8.409817713689364609e+03
8.022350722076738748e+03
6.782667868447693763e+03
5.082331554539697208e+03
5.668721864574140454e+03
5.480023037064880555e+03
3.070021504927722162e+03
8.175650862262747978e+03
2.863405157715206315e+03
4.396019584679504987e+03
3.534641089289771116e+03
5.668636256187536674e+03
1.119850796135384917e+04
4.785145922794207763e+03
2.848793756528300037e+03
5.977183728765622618e+03
2.880980600746481286e+03
6.493809129067893991e+03
5.526909885629655946e+03
8.128014561007631528e+03
8.858620662259490928e+03
7.644135472849009602e+03
3.314421710978202100e+03
5.139108842355957677e+03
2.725897063123398311e+03
2.991119537073109768e+03
7.210928285725507294e+02
7.303917657515588871e+03
6.637460044579156602e+03
6.113547114822759795e+03
3.814516437851439605e+03
1.686885700838302728e+04
5.725554525221937183e+03
2.704766263229960259e+03
1.967264346075173535e+03
6.014122919633814490e+03
3.855782735872348894e+03
8.138786668734359409e+03
7.441102704591313341e+03
1.862779252119316652e+03
8.825946895405446412e+03
5.295064163071983785e+03
7.580662252099729812e+03
2.219459230414960075e+03
7.944847095432012793e+03
3.279238445379625773e+03
3.190497287306765429e+03
5.908676565271178333e+03
3.866480866416523440e+03
2.713938227172268398e+03
9.250423966123424179e+03
5.691264943525073249e+03
8.575928962483047144e+03
3.284186666468116073e+03
7.312064187967665930e+03
1.224744491130213282e+04
5.439849807268707082e+03
1.013515937781469802e+04
3.233612209739479113e+03
9.471122464176034555e+03
7.644176797569587507e+03
4.011161313772528956e+03
4.220948288378173856e+03
4.605686163584764472e+03
8.676436809951954274e+03
1.072218031993926888e+04
5.511411996360868216e+03
1.053435710986236700e+04
4.830694166515350844e+03
1.551271112215762696e+04
5.616073390803388975e+03
5.407395300287881582e+03
8.286276784420428157e+03
4.544314923875530440e+03
4.741278486857368989e+03
3.895519131203041979e+03
7.283889283243041064e+03
5.087736898446643863e+03
8.457266468960646307e+03
7.456737346332190100e+03
5.471909702856892181e+03
7.235160645483557346e+03
3.127211184493287419e+03
7.292343343275430016e+03
4.951609775981776693e+03
2.982899545002446757e+03
1.427602111945990328e+04
9.527698870702392014e+03
3.467794803498805322e+03
1.542583191512627309e+04
3.319115279984695917e+03
8.855363291097768524e+03
4.905366129406953405e+03
8.572933116261969190e+03
6.675298432785494697e+03
4.641253435020943471e+03
7.642942725992460510e+03
2.922487184076234826e+03
2.774667499586721533e+03
6.437713767725747857e+03
7.913937571277324423e+03
7.879986671259088325e+03
8.078648835301777581e+03
8.373684228664344118e+03
4.713732759451208949e+03
5.378336160512208153e+03
1.369293543869715177e+04
7.952615833779963396e+03
5.440294933760998902e+03
9.933034421790756824e+03
8.201871061859957990e+03
7.552074299304668784e+03
3.424394875589892308e+03
4.880377456559725033e+03
1.684748892424862561e+03
1.045878718481631586e+04
9.559470872262227203e+03
3.886171390472753956e+03
3.941743424900621903e+03
3.350946889065160121e+03
6.998053230807454383e+03
4.455061359190803159e+03
1.373767591723038640e+04
1.062677332339186069e+04
6.171121593549448335e+03
2.343002337549397453e+03
5.510584761676066591e+03
1.301815185885182473e+03
7.258074748815210114e+03
5.755247658237262840e+03
7.927022728538589945e+03
5.701255051622866631e+03
7.541323220443136051e+03
7.584646329521289772e+03
3.785018334959389449e+03
1.176519955676683276e+04
5.429696897481771884e+03
9.360854851250258434e+03
7.564080572272200698e+03
2.041876163576730050e+03
4.929971922960092343e+03
4.569666331904063554e+03
5.984980482616816516e+03
4.888226963074414016e+03
9.439296613055979833e+03
4.783729292439861638e+03
2.105965731330847120e+03
3.906736902401145926e+03
2.767226787609828534e+03
4.024236814762764880e+03
1.852415133299962008e+03
3.035274847795807545e+03
2.661221025664669924e+03
3.575774251569377611e+03
5.871638250515725304e+03
7.827651934895012346e+03
9.345643752798872811e+03
5.236595761503607719e+03
8.034024954161360256e+03
5.162994512686800590e+03
6.363437195694817092e+03
5.638735054448157825e+03
1.368852182164056831e+04
5.517441074481323994e+03
4.430243805329378119e+03
3.895669698499427341e+03
7.406288708141712959e+03
6.678003525954440192e+03
5.259846677643960902e+03
7.792730354355810050e+03
2.826873507034296381e+03
5.411459891521937607e+03
7.297042751779019454e+03
1.051730810647894214e+04
4.898018289321687917e+03
9.266858718966150263e+03
7.884942607587766361e+03
4.959320792623809211e+03
5.281280669737929202e+03
3.401660543562069961e+03
7.912395689499777291e+03
3.201528059798189588e+03
4.886627027033701779e+03
6.676541196356592081e+03
7.081155777283700445e+03
9.084709060984887401e+03
4.297539809402453102e+03
7.659137703605232673e+03
6.351159756741878482e+03
9.767928076266351127e+03
8.846582655184269242e+03
4.865355687998408939e+03
6.147160278158698929e+03
3.012993995973318761e+03
7.771362758029174984e+03
5.086150963890556341e+03
1.900654593038727626e+03
5.990523266237026291e+03
3.303975020186976508e+03
8.071652041637938737e+02
3.671275431308351472e+03
5.925492685055921356e+03
7.948394032537997191e+03
8.082222999679916029e+03
4.602335558786973706e+03
8.439046913380674596e+03
1.126564641706419252e+03
1.317996826143512862e+03
4.455665965444725771e+03
6.841058772949849299e+03
1.565453145347113150e+03
7.532458304511685128e+03
2.356087252949492267e+03
3.803208301120161650e+03
1.069762776866175045e+04
5.475556276797060491e+03
5.195079147064415338e+03
6.743919404550740182e+03
7.766804137561719472e+03
3.553613407260690565e+03
5.708505549840328968e+03
4.150948892121121389e+03
3.143360736865176932e+03
1.032805805959631289e+04
4.229656464460423194e+03
7.558337648674561933e+03
3.286584412428365795e+03
6.720757140992885070e+03
2.484556739691694474e+03
4.261529305482406926e+03
4.759991240837208352e+03
5.673909103501181562e+03
1.229019482309603518e+03
5.645815164436973646e+03
8.052753295373906440e+03
8.107008080862795396e+03
7.767329142950115966e+03
7.082603157989487045e+03
1.134258658071170612e+04
6.902316979208620978e+03
4.913748667782980192e+03
5.019564463081428585e+03
3.470804861400290065e+03
6.910548033312320513e+03
8.220259445968109503e+03
4.546413182741199307e+03
6.494840580369802410e+03
1.370057722131543233e+04
9.289558348991968160e+03
8.426296158836683389e+03
1.663838797402189357e+03
1.278889348646208418e+04
7.573798400127120658e+03
8.558656409496006745e+03
8.867985670795043916e+03
8.855244940310745733e+03
2.961160477675604852e+03
3.231646689850491839e+03
5.880180462229765226e+02
8.850675919838819027e+03
5.381543885964837500e+03
1.597743517035307150e+03
4.468210123294858022e+03
2.862930187358776948e+03
2.963637512022876763e+03
1.075605144730763095e+04
2.578078028827643720e+03
1.061571796934130180e+04
5.875137630056704438e+03
3.770162224917854473e+03
1.568468912718014326e+04
6.226700446085074873e+03
5.326774478599372742e+03
1.260592674446340607e+04
1.037515610926648515e+04
1.146655385145351647e+04
7.483032610238536108e+03
6.376050455712148505e+03
8.940083833089262043e+03
7.772058797291567316e+03
6.486771124284764483e+03
4.880450522256971453e+03
1.101042537013838592e+04
5.334479103636223044e+03
5.684251022275861033e+03
5.165534874615696936e+03
3.971794058619891985e+03
9.718525598620950404e+03
4.718656557504685225e+03
7.286962509141698320e+03
4.581126315233804235e+03
4.088808947328308932e+03
6.978432259091551714e+03
4.116342151286530679e+02
4.751470064341135185e+03
1.180528363038547468e+04
4.733895846585267464e+03
2.209428596139022375e+03
1.961714259723990381e+03
1.365609890278999501e+03
6.053678713470870207e+03
4.515255728383579481e+03
7.028450700613526351e+03
3.162101944271565571e+03
7.110476010227374900e+03
7.300317080076260936e+03
5.219678760791607601e+03
6.695645826961521379e+03
6.417241434946962727e+03
2.714018387349191471e+03
3.808255449937298181e+03
3.100956097002397655e+03
5.647980048209621600e+03
1.037249275460230638e+04
1.123456908582401229e+04
6.235764564897207492e+03
3.907063730425335962e+03
4.015861575573970185e+03
7.019651508617258514e+03
3.739865798250320950e+03
2.681652467494836856e+03
1.049629052445166599e+04
6.687885331288650377e+03
7.190984823820057500e+03
7.123539487913043558e+03
8.004927269875658567e+03
9.470173373329673268e+03
1.066604159268759031e+04
5.701032604193093903e+03
7.818513708909183151e+03
4.791346358190991850e+03
5.157366685083483389e+03
1.042948484359997565e+04
7.116508854397776304e+03
6.064072560097367386e+03
6.082902729901030398e+03
1.478127659575072175e+04
4.542429856566072885e+03
1.424342251390537285e+03
2.230137853572220138e+03
1.010273173829874395e+04
1.202315660215435673e+04
4.199988968174436195e+03
3.030324933902238627e+03
5.754561659474663429e+03
2.745592137569422903e+03
1.275929995860643203e+03
6.350827117135234403e+03
5.082522430229792917e+03
3.027500917311339435e+03
6.705103859638732501e+03
3.313378186059679592e+03
7.819739147280033649e+03
3.077019689507379098e+03
8.889847848853660253e+03
7.816605638740485119e+03
8.459469972914925165e+03
8.227551671694682227e+03
7.020102231350621878e+03
1.905926245660851919e+03
1.268843954456442589e+04
2.085474248604703462e+03
1.177210665741734192e+04
4.293002278814949932e+03
2.932715377953539246e+03
1.732034924525022234e+03
4.394960036323288477e+03
9.527288705613576894e+03
8.740748342925886391e+03
5.499443437185509538e+03
3.552641886944767066e+03
4.162586877416428251e+03
5.332229031704111549e+03
4.536842859575499460e+03
6.441466047436433655e+03
3.227403126310285643e+03
2.842318453500975011e+03
6.576913911077605917e+03
2.828957442359494507e+03
4.454059995618500579e+03
8.393358299789257217e+03
8.573154598671992062e+03
6.406827336032088169e+03
8.160415485016861567e+03
7.308781806637042564e+02
3.877298654208163043e+03
6.710746531645694631e+03
6.156827522400092676e+03
3.017360203146158710e+03
4.452984617985169280e+03
8.526606636054340925e+03
1.032757841408424974e+04
5.655029091745861479e+03
9.916904431973760438e+03
3.692949786529995890e+03
9.203701806893212051e+03
5.539444714730855594e+03
7.902792222417970152e+02
4.443298453961863743e+03
8.571203763265399175e+03
8.077871117349802262e+03
8.284695076547757708e+03
4.570452055583356014e+03
1.326295763594577329e+04
1.053910504452137138e+04
6.378898345449943008e+03
9.746104064624003513e+03
4.580639727221121575e+03
7.643799307773453620e+03
4.814645310233769123e+03
1.681438003277787357e+04
8.293243233643419444e+03
5.422438744572008545e+03
8.888870642624264292e+03
6.253994633104300192e+03
9.223387737637083774e+03
4.900072705081355707e+03
7.289351550797740856e+03
1.140540398926741909e+04
9.511891169972490388e+03
2.096620011937122399e+03
5.608255949504883574e+03
9.062800856118248703e+03
2.079632098290237536e+03
6.098246914974981792e+02
1.220773576246208722e+04
6.048625862617454914e+03
1.059638182028973279e+04
6.815088993157518416e+03
5.806227836418152947e+03
5.559174458249013696e+03
4.741282798202759295e+03
3.352077068574737950e+03
1.890387265878309563e+03
6.270804840860373588e+03
7.634572712885912551e+03
8.237460191589783790e+03
1.902148095518481568e+03
4.360669199396064869e+03
3.120973124286863367e+03
4.942608422392911962e+03
1.646773970133734110e+03
4.392222903157391556e+03
2.910940678531728736e+03
6.184466563362459055e+03
7.283513166527202884e+03
5.648682331070138389e+03
3.128954518923988871e+03
9.217899098303973005e+03
9.550403728852088534e+03
7.938765018756444988e+03
1.355856942424479166e+04
4.406372192478317629e+03
3.902234594251900035e+03
7.151284317017140893e+03
1.152019844740786539e+04
6.810372465164330606e+03
7.853703475447221535e+03
3.092034777545808993e+03
3.745968454113877669e+03
6.674876089031432457e+03
3.968069612851443708e+03
5.023752246358762932e+03
8.797717115568213558e+03
2.963273564666964376e+03
5.824531713725100417e+03
8.489174286371597191e+03
2.882743820692055124e+03
5.116118035594643516e+03
6.198752608014074212e+03
4.810433643567977924e+03
2.935762115014660594e+03
5.424156153010562775e+03
3.663520542018174183e+03
3.712826885427785783e+03
3.462474283535053019e+03
5.464502528471904043e+03
7.642273358017870123e+03
1.046634072497340640e+04
1.128481723588104842e+03
4.034794715148490923e+03
5.269800326486766608e+03
2.181724980645184132e+03
3.175358030367327046e+03
4.686565668466580064e+03
7.460108520134936043e+03
6.517381836446267698e+03
5.027731109882415694e+03
3.893906593766580045e+03
3.293956620651908452e+03
1.143803492537829152e+04
3.627214156806239316e+03
7.158455096117969333e+03
1.225904417510984604e+04
4.453742815502407211e+03
2.744273039820101076e+03
7.146577446603409044e+03
1.030512640036346420e+04
7.847166154895094223e+03
4.128761567503313927e+03
8.980156147765246715e+03
4.812181493806680919e+03
1.883376178357888875e+03
4.396273322291950535e+03
1.095118874102636983e+04
2.863672921485709139e+03
6.820427336203344566e+03
2.815848307114064482e+03
1.187284748479399423e+04
5.052043831886602675e+03
8.432165994233284437e+03
3.244173151814664834e+03
1.740786426497133334e+03
5.575745610524212680e+03
2.218958334448931510e+03
6.518139849263971882e+03
3.477770451233945550e+03
7.260971495576851339e+03
7.892534949486244841e+03
9.566174326587199175e+03
3.981809803287270825e+03
6.750740407466796569e+03
4.429184510490502362e+03
1.328209753371716397e+04
1.095262931832263166e+04
8.198759099215003516e+03
1.423873756628664341e+04
4.029949098547754147e+03
3.966812740346661030e+03
8.518714610615883430e+03
5.224757358069864495e+03
3.992673008620455676e+03
1.130383895151974502e+04
7.174895064555838871e+03
1.230917024235649660e+04
4.046380301012783548e+03
8.175374353126397182e+03
2.603447217775418267e+03
9.435405417006928474e+03
2.460806309278756544e+03
9.700978860373317730e+03
6.436192810580429068e+03
3.606305368865176206e+03
8.290639472915869192e+03
4.878503240306646148e+03
9.222682249338960901e+03
6.400467908003552111e+03
7.174083907651189293e+03
6.381338252947518413e+03
3.513437687738281511e+03
2.440450492230100735e+03
5.931358052568131825e+03
3.462225344089092687e+03
1.997391152576852619e+03
7.035869339436108021e+03
3.791160012304906104e+03
1.735724896142049602e+03
2.074689145028563871e+03
3.598594648294283161e+03
2.304779654829486844e+03
7.426636247372395701e+03
2.803283151917946270e+03
8.013861575399890171e+03
5.211025246217039239e+03
4.767306143159928070e+03
1.933688789973635039e+03
3.714405128640556086e+03
7.088274113174054037e+03
9.904509053875379323e+03
3.687440883981299521e+03
7.112874988520591614e+03
9.594633484482865242e+03
1.118146727889648719e+04
9.043715657284516055e+03
1.153041583117489972e+04
2.664744188460620080e+03
5.390417610562131813e+03
7.325048406349014840e+03
1.069273437672213731e+04
7.966237831183528215e+03
9.057755558235685385e+03
1.175552417063539906e+04
5.342103306513608914e+03
8.850020769242579263e+03
4.302161397472072167e+03
3.410975872311843432e+03
4.270698293179423672e+03
1.026709993131693636e+03
1.115741843435218470e+04
2.200525974612518894e+03
4.177239981988258478e+03
5.236530683416877764e+03
4.666075627928325048e+03
5.508693501069885315e+03
4.163833309219705370e+03
1.080440383115554687e+04
3.593676470535750013e+03
4.425657847493102963e+03
4.227808842384049058e+03
2.920452427334922504e+03
5.581811097889239136e+03
6.271663653555745441e+03
2.131265695884686920e+03
7.455787798509984896e+03
6.402993715474295641e+03
8.594103953459571130e+03
4.968438449220018811e+03
8.043143362292673373e+03
7.644615845144192463e+03
7.516625353242191522e+03
1.082898198503598178e+04
5.632549291768133116e+03
9.334845283208742330e+03
6.312680137218542768e+03
7.019924222926874791e+03
5.398446395048369595e+03
1.281359411441279735e+04
3.893221727929358167e+03
5.514248603887462195e+03
2.712282531251411910e+03
3.884690327779741892e+03
1.114016341190930325e+04
7.334704814119528237e+03
3.371653454852106734e+03
3.130977653941397421e+03
5.634334031271746426e+03
7.236652032827293624e+03
6.942039821143910558e+03
4.320417986833195755e+03
4.314434364498433752e+03
6.595165000069921916e+03
8.196164765088316926e+03
8.784150398829138794e+03
6.415461377918530161e+03
1.985590250067796205e+03
7.596395528164313873e+03
5.220454802463108535e+03
2.693433392773614742e+03
8.474059060717620014e+03
6.054236891082003240e+03
3.679468160316939702e+03
1.446056619866569463e+03
6.714838978201483769e+03
3.678561960262068624e+03
8.479574536744174111e+03
7.306914835818120991e+03
6.000242390373156013e+03
6.407061534153704997e+03
5.577669219043576049e+03
9.920604181839877128e+03
8.542038706943936631e+03
9.224390842600494580e+03
7.109710072570379452e+03
6.748408806777882091e+03
5.166570077032262816e+03
8.583250101785552033e+03
2.787799158530239765e+03
9.912606259273685282e+03
6.469273930089778332e+03
2.324037276875998941e+03
3.298797177804117382e+03
9.579078229914559415e+03
6.074035760512182605e+03
4.056601239122040624e+03
2.433799676191111757e+03
9.648080690610218880e+03
1.236655610739372059e+04
1.487993702976632449e+03
4.691230087279144755e+03
6.463399791148652184e+03
9.492577502448630185e+03
4.539201047349138207e+03
7.940777321525227308e+03
7.419878111812838142e+03
1.686224112993734161e+04
2.969150983207150148e+03
8.041124632607774402e+03
1.884604656852467087e+03
1.063791185167917138e+04
7.218059697065847104e+03
6.633948525436180716e+03
1.400963972303132095e+03
1.110349698071080093e+04
4.127924475277936835e+03
1.195385886431259223e+03
1.073592160778006291e+04
1.507280195908638234e+03
4.708871189781118119e+03
5.744977457378977306e+03
3.789255292332336012e+03
1.051631517583515415e+04
6.476395519767551377e+03
4.632709846487183313e+03
3.524285721434874631e+03
3.967201533531338555e+03
5.524287321545200939e+03
4.489008121131429107e+03
5.269275378561774232e+03
3.237353415124702224e+03
6.317246503222987485e+03
4.285313022873941918e+03
9.041006500123919977e+03
8.013987427210949136e+03
8.184316534372374008e+03
1.025843086312277592e+04
9.022548525667760259e+03
5.044574289934683293e+03
1.931312793728994393e+03
8.684672903527856761e+03
2.869003636446088876e+03
1.106806476420124818e+04
8.429699224081454304e+03
3.827628617753527124e+03
1.340435747324980912e+04
2.380409077250732480e+03
7.103767353190765789e+03
5.419068912581012228e+03
4.485749720418566540e+03
4.645364295368107378e+03
1.149126227385703169e+04
2.571410321371607552e+03
4.923295608411710418e+03
3.333554554808173634e+03
7.158275072866719711e+03
7.489623450441414207e+03
5.481594433452800331e+03
4.890052235955366996e+03
6.647938311784054349e+03
6.918535515103914804e+03
1.337721420018330173e+04
4.568416422406598940e+03
6.592613446067169207e+03
2.335445503370908227e+03
6.551271416216244688e+03
6.786221410578009454e+03
2.248082721861630489e+03
6.644838953551667146e+03
4.221260850189057237e+03
4.877915515518850043e+03
2.281252637764417614e+03
9.721154533386594267e+03
6.791424181849746674e+03
4.558798678987087442e+03
9.387593919434482814e+03
3.834311304792202918e+03
7.320798260587712321e+03
6.175667310657789130e+03
7.149858198642303250e+03
6.860304754688242610e+03
7.867225690969574316e+03
4.119132708641614954e+03
2.463996708986914200e+03
1.233272861882157122e+04
5.716217636606724227e+03
1.128312791476713210e+04
4.979539964865459297e+03
5.487728885044263734e+03
1.017022002586947383e+04
5.389818209148705137e+03
9.256262409474169544e+03
2.892050888127473627e+03
7.035333576054400510e+03
5.204261593267253375e+03
4.946463226130159455e+03
2.831405970019941833e+03
1.360668306423309150e+04
1.666640951691242435e+03
9.547588132816665166e+03
5.275646044076211183e+03
6.647192828738016033e+03
6.299366583149446342e+03
1.132883197537199885e+04
6.409567319408800358e+03
4.564691275008412958e+03
5.933652522146312549e+03
1.338404906685346032e+04
1.136079310122534844e+04
3.326827719800692194e+03
3.260958022892842564e+03
4.369744512917890461e+03
4.020455545050450382e+03
2.910964347214932332e+03
4.655602162897414019e+03
5.927161086511897338e+03
5.939990118489621636e+03
3.170070835742323652e+03
6.843990763681205863e+03
8.893548094680765644e+03
2.081241523726647301e+03
4.464349386771383251e+03
4.397536746442056938e+03
5.362222406908866105e+03
2.704262939754049512e+03
8.378482630561113183e+03
5.556567884299748584e+03
4.845957443636395510e+03
2.728099180334254925e+03
5.654389156159867525e+03
8.454577562391707033e+03
4.434224315352161284e+03
9.682386459057959655e+03
6.549805442009075705e+03
4.371651148141107114e+03
4.863596163091850940e+03
1.766531188526915230e+03
4.590358080759171571e+03
4.442936584899130139e+03
5.785263362750329179e+03
5.027354917326925715e+03
5.784045451367421265e+03
5.455512540580704808e+03
9.553329509024446452e+03
3.523605831636535640e+03
5.947766284345517306e+03
3.484415074022453609e+03
5.145780727145761375e+03
1.296936041631596709e+04
3.289657059128397577e+03
9.531868635778475436e+03
8.040058276237703467e+03
2.607093257920522319e+03
4.855297561292335558e+03
2.933746380192664219e+03
5.912808547494016238e+03
1.076501963553954374e+04
6.176596660348523983e+03
5.056072840226507651e+03
5.535742323763852255e+03
3.715458312827644932e+03
4.226792825231182178e+03
5.110587868993681695e+03
8.843391074623565146e+03
5.027551167725769119e+03
9.362953666488603631e+03
1.440214703115625525e+03
5.431024802114830891e+03
7.773529458342211910e+03
3.671581953109609003e+03
3.884841491400610721e+03
3.640380757800005995e+03
3.667458503651949741e+03
3.613446694652627684e+03
3.611877682565287159e+03
5.787539632802649976e+03
8.299377497685072740e+03
4.608317834160751772e+03
4.715944174443625343e+03
3.528210042411621089e+03
1.227389669773321111e+04
7.628491975502543028e+03
1.304996252309221018e+04
5.016739160720556356e+03
6.953138042697357378e+03
3.400642830135125678e+03
7.686244210171788836e+03
5.586373961963673537e+03
5.482428559050566037e+03
3.648622566811456636e+03
4.538365298320533839e+03
4.460836293152323378e+03
3.385551472222075517e+03
3.061008329132577728e+03
1.056514344458008782e+04
1.011728388788307348e+04
4.156737299727081336e+03
5.346617529881266819e+03
3.733072078845284068e+03
6.366716866013208346e+03
3.915701155678763371e+03
3.517793194276830036e+03
3.922164462419017127e+03
9.623737222022260539e+03
7.781382980679775756e+03
9.734061761924867824e+03
5.010584942313310421e+03
1.126759586919516369e+04
6.547599810721771064e+03
4.373208848180421228e+03
4.689732095568941986e+03
5.250229895199800012e+03
1.047292984226188128e+04
4.236232428598102160e+03
1.244857411604651497e+04
4.707423918364111159e+03
2.827588165813409887e+03
1.438502847955594007e+04
3.500808939795604147e+03
6.777959361849849302e+03
1.267902721787789778e+04
4.972548463092193742e+03
5.329542621925455933e+03
1.050881610202490810e+04
4.092413139110605243e+03
2.038089240498035451e+03
4.695096680138453848e+03
1.703014757711189304e+03
4.790796426367363892e+03
6.286134244251697965e+03
7.880446959546003200e+03
4.505662795754781655e+03
2.753685734344385764e+03
8.682261734409647033e+03
4.270868751875256748e+03
4.398833614298104294e+03
3.663111815064831717e+03
5.563400252332861783e+03
7.733190305362859363e+03
6.992751543253498312e+03
1.051636381093552700e+04
9.675281881392666037e+03
2.177972735971070961e+03
1.042462457884381547e+04
5.123365345529857223e+03
7.142808289352223255e+03
9.866286829885884799e+03
5.906952637627344302e+03
4.383249146268289223e+03
4.260723182605851434e+03
4.588522329165666633e+03
2.347665471599909324e+03
9.442245926186607903e+03
6.238438895304054313e+03
9.910876898571306810e+03
7.729757675978617954e+03
5.094260320842540750e+03
1.965193923059038980e+03
1.089916821419582448e+04
5.716882451188689629e+03
8.869170335729444560e+03
4.386114746080183977e+03
8.617019241743721068e+03
6.342651571678128676e+03
4.252110313072276767e+03
5.023751111568443775e+03
3.975327780295554021e+03
8.156319539068069389e+03
3.398489265507776963e+03
1.203347118685838723e+04
8.246466526828260612e+03
6.660238799326337357e+03
5.538791673647835523e+03
4.977898722508601168e+03
5.331194871828520263e+03
4.007436143246515712e+03
1.233661211513337548e+04
5.594002465077682245e+03
6.862308287708292482e+03
8.688920322197296628e+03
3.762899166508585949e+03
6.840288119385601931e+03
7.321320608079737212e+03
4.498578859129629564e+03
6.087952066457601177e+03
5.928346276709159611e+03
3.646242843499855098e+03
4.340932996740816634e+03
8.263997857635438777e+03
3.776680574543124294e+03
7.064665324210072868e+03
3.687623990380241139e+03
1.737389344793353075e+03
9.288572370023533949e+03
7.252596333170978141e+03
1.023532064417076981e+04
6.200596799230968827e+03
5.182639480896135865e+03
4.975190181467155526e+03
8.562946146265861898e+03
2.750761041291833408e+03
1.283089304706431358e+04
8.572854262970047785e+03
9.693986032355216594e+03
1.981118447344528704e+03
3.496887237974796335e+03
6.982771109186576723e+03
5.485618327828662586e+03
4.574884000143919366e+03
8.587112567288784703e+03
6.058620463277296949e+03
2.529906252239788500e+03
8.311747015846001887e+03
4.981836028252911092e+03
6.911681982315071764e+03
7.347848750674150324e+03
4.111863838315302928e+03
7.306474249720370608e+03
9.128490300559418756e+03
1.318154670149146114e+03
1.226162083886586697e+04
4.147201400216316870e+03
4.544054755889607804e+03
6.027153559174056682e+03
3.743225834649407716e+03
5.206091936000270834e+03
3.901384285085808187e+03
5.443384798431951822e+03
4.630082196332446983e+03
9.665616612464908030e+03
2.869542304775327011e+03
4.275400740188636519e+03
1.138344981065681532e+04
8.111396327147995180e+03
9.055691409465913239e+03
4.566112084484552724e+03
4.047457791597976666e+03
9.200438740146306372e+03
1.257029331895102041e+04
9.010335909785844706e+03
7.738799156054263221e+03
5.807006493933876300e+03
5.322805187335527080e+03
3.963343774528842914e+03
6.841880272706644973e+03
8.543836824931358933e+03
3.078572246161692419e+03
5.889986107109633849e+03
2.572064688270334955e+03
3.514324415665125798e+03
5.690320255015624753e+03
4.900331462716744682e+03
4.392122126952204781e+03
6.970497141616597219e+03
1.011070294916185412e+04
5.952289391580794472e+03
2.932007065859186241e+03
7.228289327175677499e+03
5.904712725808955838e+03
5.400503045188818760e+03
6.155979214862427398e+03
4.721992387128432711e+03
4.099653034357432261e+03
5.829749814917041476e+03
2.241550962879477538e+03
8.122245436154029449e+03
3.524611897948046590e+03
8.682403305478128459e+03
8.467652798026249002e+03
4.101024809780685246e+03
7.291737895542557453e+03
9.157219167553577790e+03
3.229138114480404965e+03
5.413958967854797265e+03
6.238317737614401267e+03
3.646939301068643999e+03
5.306199899168482261e+03
6.155706654655231432e+03
5.165064537807298620e+03
5.987593747177717887e+03
4.474557151776121827e+03
3.644755227650319739e+03
2.239401796799570093e+03
8.491711773491797430e+03
8.513825452383020092e+03
3.159698128533664658e+03
5.556529470044991285e+03
3.997745441014166317e+03
4.895198965094950836e+03
4.855718652288542216e+03
5.439769379746678169e+03
3.409020995826875605e+03
3.163410345146407053e+03
5.876042712131813460e+03
7.637726409234180210e+03
8.528079716845057192e+03
6.768595627489532490e+03
3.573174855392211157e+03
3.278587046369758355e+03
7.259559665881733963e+03
3.903523683222835189e+03
1.187484645404468574e+04
6.232092493281164934e+03
6.281300858807798249e+03
6.728182194654476916e+03
8.630655640730608866e+03
2.854321036312666820e+03
7.173684130870168701e+03
3.952419478901004823e+03
2.274251806720415971e+03
1.598076187465102885e+04
9.524814463700886336e+03
6.462272459650071141e+03
2.678718627547852520e+03
6.296548115357377355e+03
3.173981846393725391e+03
1.321858106436327216e+04
4.249119000395900002e+03
5.605333736394492007e+03
3.597600564908407705e+03
4.793415567464685410e+03
4.192156790418745004e+03
2.072521802970494718e+03
8.508456217495344390e+03
7.504696678671683912e+03
5.109237772394781132e+03
6.164996486854930481e+03
4.319661053214764252e+03
1.135132059000562367e+04
1.219698969688175202e+04
8.459146187920772718e+03
4.204083360933120275e+03
3.715274639563461278e+03
1.095182090625425553e+04
5.518202087065968954e+03
5.002762611410179488e+03
1.079285701786625941e+04
5.360909634906745850e+03
4.315234481650420094e+03
5.309447012630253994e+03
6.124412229570695672e+03
7.298027144624849825e+03
5.235192415623248053e+03
7.812157545178380133e+03
1.859341222451210797e+03
8.898323620593164378e+03
1.929081220494717400e+03
9.146423502722207559e+03
8.358636780259168518e+03
4.819708752087293760e+03
4.236904683890332308e+03
6.907829533967419593e+03
3.495460600695694666e+03
6.157314606813162754e+03
5.909190111476438688e+03
1.047028127187563587e+04
3.554780445422817593e+03
8.809587206838619750e+03
6.831005700870122382e+03
5.270896775611686280e+03
1.044765519853496880e+04
3.818176243702208922e+03
1.496804702154868892e+03
4.783161662334837274e+03
3.345748418913362912e+03
9.322961742849128086e+02
6.218586211063249721e+03
5.129149766872928012e+03
5.338344916288713648e+03
8.891867918050029402e+03
2.241289748000244344e+03
3.628518158239087825e+03
1.089619859080722199e+04
5.924161293014978583e+03
7.469846671026865806e+03
5.482790399912075372e+03
5.097896610002436319e+03
2.272602726299602637e+03
9.397699696449457406e+03
4.299732338555996648e+03
6.816466912076988592e+03
6.211771691425755307e+03
1.263989049916671866e+04
5.284054947081751379e+03
8.762367558012703739e+03
5.343402161589939169e+03
5.807981142887454553e+03
5.842280972161353020e+03
8.902525904133122822e+03
8.759080360825029857e+03
9.170520824626015383e+03
2.859634286136286391e+03
6.877787024883227787e+03
6.998364958529103205e+03
5.543880736679030633e+03
6.494136519716029397e+03
4.622879036760946292e+03
1.141402670545629917e+04
1.358939392214390318e+04
5.285888508716795513e+03
4.157570739289462836e+03
1.427792856084155346e+03
1.203725170485610215e+04
6.926267477660541772e+03
1.096750204286965891e+04
8.336845017609095521e+03
1.910710172994609593e+03
1.997791872363107814e+03
7.408917751168548421e+03
8.141268425529562592e+03
6.305219680314343350e+03
1.204031936701751511e+04
7.157577856205440185e+03
4.709257914542363324e+03
6.168318360043687790e+03
2.011865002020550946e+03
4.609935200548163266e+03
3.716510043901190784e+03
6.835728594647005593e+03
3.514329255949924573e+03
3.891090681097582092e+03
6.861472439374199894e+03
6.747535688349347765e+03
5.054331150545386663e+03
6.475951476322529743e+03
3.984909541920354059e+03
2.355851327672768093e+03
1.415949988848169596e+03
3.600405693633847477e+03
1.037036595792779735e+04
3.167668569089442371e+03
4.302966140857600294e+03
6.610015327916589740e+03
3.881395865074444828e+03
7.035195167226183912e+03
1.147114934009801254e+04
2.680333697684895924e+03
7.775540805192045809e+03
4.129033802863282290e+03
6.754568806183731795e+03
9.533175629747596759e+03
2.768547950594759641e+03
2.757508350509479442e+03
5.227649989096094941e+03
1.189297315622414771e+03
6.466274645247568515e+03
3.836108972723319766e+03
6.328346009396982481e+03
1.023246922192841157e+04
4.950190774944770055e+03
1.089335944874314737e+04
9.616248001611545988e+03
6.786135313294988919e+03
6.919496964587001457e+03
6.291602689597021708e+03
1.024187818039269587e+04
4.236799530305731423e+03
1.799373390451635260e+03
8.941058472143868130e+03
7.525144005763602763e+03
4.739227002164012447e+03
1.408825675465587119e+04
1.125069148353173659e+04
5.201732824437634918e+03
7.183174284508037090e+03
1.933561411691459170e+03
6.230342089097593089e+03
6.171524408572146967e+03
2.752599571592705161e+03
1.105973409053957948e+04
1.147945163275587220e+04
8.101217437278949546e+03
8.121484049783457522e+03
5.200829631878122200e+03
4.118507451178246811e+03
3.746434553849834174e+03
7.213148692931756159e+03
5.729891384784649745e+03
6.510891107157881379e+03
1.059548508572102946e+04
8.995943468174429654e+03
1.045078595838690308e+04
5.837100726331917031e+03
4.242839079276542179e+03
1.599480082077537190e+03
1.019160309951776253e+04
9.689345212700123739e+03
8.285818491335821818e+03
8.328393139776417229e+03
1.711922175382943124e+03
4.978807049750884289e+03
2.635891106078270695e+03
8.088459850839444698e+03
7.192247984800947052e+03
3.612887750713551213e+03
1.387107735601044260e+04
1.278863399037017416e+03
5.947472147865154511e+03
9.282195991967839291e+03
1.526557878072288077e+04
3.023128213591569420e+03
2.681531840535764331e+03
5.810318913103865270e+03
9.350590019765089892e+03
3.451324797066858991e+03
1.092889088130098753e+04
6.640390785709532793e+03
4.589533963297776609e+03
5.258432516703053807e+03
8.843499130061672986e+03
2.096749674068360036e+03
4.371701014953164304e+03
3.337526666905966977e+03
5.660796940916873609e+03
3.824088175145539026e+03
3.861598744437933874e+03
6.054824493301971415e+03
4.694058638450303988e+03
4.597535066259388259e+03
1.006794437104574718e+04
7.302572884321996753e+03
4.227852762586674544e+03
1.582241846455283394e+03
4.166342629959928672e+03
4.325712103597530586e+03
1.681672180645713979e+03
3.322156553335204535e+03
1.033637882430631726e+04
6.008001184694346193e+03
